2 0.0953125 0.3015625 0.190625 0.440625
9 0.1453125 0.0859375 0.209375 0.171875
5 0.5171875 0.490625 0.121875 0.23125
8 0.3015625 0.0640625 0.171875 0.128125
1 0.71796875 0.3828125 0.0984375 0.121875
5 0.93125 0.43828125 0.05625 0.0765625
5 0.87734375 0.45 0.0609375 0.075
1 0.80546875 0.375 0.1046875 0.15
5 0.9765625 0.4453125 0.046875 0.078125
1 0.35 0.7171875 0.0625 0.084375
5 0.2296875 0.77109375 0.040625 0.0546875
5 0.26953125 0.7546875 0.0390625 0.053125
8 0.553125 0.70625 0.05 0.0875
10 0.8765625 0.828125 0.246875 0.34375