3 0.1203125 0.0890625 0.240625 0.178125
9 0.2515625 0.0375 0.153125 0.075
9 0.3609375 0.0953125 0.165625 0.190625
9 0.4265625 0.225 0.121875 0.20625
9 0.3828125 0.340625 0.165625 0.1375
9 0.29765625 0.2390625 0.2078125 0.209375
8 0.1203125 0.16328125 0.215625 0.2890625
8 0.071875 0.2859375 0.14375 0.246875
7 0.1984375 0.359375 0.146875 0.1
5 0.6453125 0.053125 0.078125 0.10625
1 0.8703125 0.0609375 0.209375 0.121875
9 0.5453125 0.7640625 0.115625 0.278125
9 0.665625 0.75546875 0.125 0.2859375
9 0.5671875 0.91875 0.159375 0.1625
9 0.6953125 0.9515625 0.184375 0.096875
9 0.740625 0.896875 0.14375 0.20625
9 0.8515625 0.915625 0.159375 0.16875
9 0.834375 0.54453125 0.125 0.2578125
9 0.7140625 0.5140625 0.121875 0.209375
9 0.62109375 0.56796875 0.1234375 0.2421875