3 0.5328125 0.3359375 0.059375 0.315625
3 0.4921875 0.2796875 0.034375 0.321875
3 0.459375 0.3171875 0.03125 0.334375
3 0.578125 0.25859375 0.04375 0.2859375
2 0.7890625 0.3671875 0.321875 0.303125
9 0.7578125 0.1125 0.184375 0.225
9 0.9 0.209375 0.2 0.19375
3 0.78125 0.015625 0.28125 0.03125
1 0.9078125 0.0625 0.184375 0.125
4 0.1140625 0.7125 0.228125 0.3875
4 0.4859375 0.6015625 0.284375 0.165625
4 0.140625 0.946875 0.28125 0.10625
4 0.5140625 0.8796875 0.171875 0.240625
4 0.2921875 0.8296875 0.446875 0.296875
4 0.1765625 0.6515625 0.353125 0.265625
4 0.3453125 0.64375 0.521875 0.25
10 0.7859375 0.8609375 0.315625 0.278125