2 0.0875 0.4234375 0.175 0.209375
2 0.22109375 0.32734375 0.1796875 0.3171875
2 0.08828125 0.24609375 0.1203125 0.2109375
3 0.5203125 0.2640625 0.240625 0.528125
3 0.2359375 0.6359375 0.284375 0.215625
3 0.1296875 0.596875 0.221875 0.1375
9 0.35625 0.584375 0.0875 0.1125
9 0.3640625 0.8046875 0.071875 0.209375
8 0.2578125 0.72890625 0.215625 0.2890625
8 0.140625 0.8640625 0.28125 0.271875
7 0.33125 0.9265625 0.1375 0.103125
7 0.334375 0.978125 0.13125 0.04375
1 0.025 0.7140625 0.05 0.278125
10 0.5578125 0.959375 0.109375 0.08125
10 0.6484375 0.9625 0.096875 0.075
8 0.7859375 0.93125 0.171875 0.1375