10 0.3 0.13125 0.41875 0.2625
10 0.3546875 0.340625 0.309375 0.11875
1 0.9296875 0.1625 0.140625 0.325
1 0.6171875 0.2671875 0.215625 0.265625
1 0.8078125 0.3578125 0.315625 0.084375
1 0.6796875 0.1265625 0.203125 0.253125
6 0.4078125 0.775 0.203125 0.45
6 0.296875 0.8671875 0.425 0.265625
9 0.62421875 0.78671875 0.1546875 0.2609375
9 0.7390625 0.64140625 0.134375 0.2765625
9 0.86875 0.63046875 0.125 0.2859375
9 0.77265625 0.834375 0.1578125 0.24375
9 0.8984375 0.8890625 0.184375 0.221875
9 0.9359375 0.8125 0.128125 0.2875
9 0.9171875 0.446875 0.121875 0.09375
9 0.8234375 0.48125 0.121875 0.1625