10 0.3359375 0.1703125 0.365625 0.340625
3 0.7328125 0.1890625 0.359375 0.378125
9 0.115625 0.91875 0.23125 0.1625
9 0.0296875 0.8109375 0.059375 0.171875
9 0.0890625 0.6875 0.178125 0.1875
9 0.3046875 0.6359375 0.259375 0.196875
9 0.36015625 0.8109375 0.2640625 0.221875
9 0.4734375 0.7359375 0.090625 0.259375
9 0.3359375 0.95625 0.240625 0.0875
9 0.465625 0.8921875 0.10625 0.121875
6 0.784375 0.8921875 0.0875 0.109375
6 0.8203125 0.9390625 0.059375 0.121875
2 0.7453125 0.5953125 0.190625 0.209375