10 0.4015625 0.2796875 0.234375 0.196875
0 0.6703125 0.2734375 0.303125 0.209375
6 0.3484375 0.503125 0.184375 0.25
3 0.06875 0.9171875 0.1375 0.165625
8 0.5359375 0.6953125 0.034375 0.209375
0 0.665625 0.66875 0.1375 0.18125
0 0.8265625 0.6484375 0.203125 0.240625
0 0.9296875 0.5875 0.140625 0.25
0 0.76328125 0.58203125 0.1828125 0.1328125
9 0.734375 0.4234375 0.14375 0.090625
9 0.8578125 0.4375 0.153125 0.11875
3 0.6078125 0.4703125 0.178125 0.134375
3 0.540625 0.5359375 0.04375 0.315625
3 0.621875 0.5640625 0.20625 0.140625