10 0.0671875 0.1515625 0.134375 0.303125
10 0.4421875 0.24375 0.071875 0.39375
9 0.8015625 0.4328125 0.396875 0.309375
9 0.7390625 0.2421875 0.521875 0.484375
10 0.4234375 0.6828125 0.109375 0.190625
10 0.1234375 0.8890625 0.246875 0.221875
9 0.68671875 0.78203125 0.1984375 0.3328125
9 0.5765625 0.74375 0.196875 0.3125
9 0.53125 0.8546875 0.10625 0.290625
9 0.8078125 0.621875 0.234375 0.06875
9 0.8734375 0.6421875 0.209375 0.109375
9 0.6578125 0.6171875 0.090625 0.059375
9 0.81171875 0.71328125 0.0609375 0.0828125