10 0.10625 0.246875 0.2125 0.15625
6 0.7046875 0.2625 0.390625 0.525
7 0.9421875 0.3546875 0.115625 0.228125
10 0.7484375 0.084375 0.190625 0.16875
8 0.14921875 0.865625 0.2171875 0.1875
8 0.31875 0.81484375 0.1625 0.2109375
8 0.18046875 0.77109375 0.1609375 0.1359375
0 0.4765625 0.7875 0.065625 0.18125
3 0.30625 0.6125 0.40625 0.0875
3 0.321875 0.690625 0.175 0.24375
3 0.3546875 0.6828125 0.309375 0.140625
3 0.18828125 0.6796875 0.2203125 0.115625
3 0.61875 0.784375 0.20625 0.43125
3 0.8421875 0.784375 0.246875 0.43125