3 0.15 0.4140625 0.3 0.196875
9 0.0703125 0.2359375 0.140625 0.203125
9 0.0328125 0.3046875 0.065625 0.215625
9 0.13984375 0.16640625 0.2046875 0.1578125
9 0.178125 0.2859375 0.1375 0.178125
5 0.0703125 0.5 0.140625 0.05625
8 0.221875 0.46875 0.2125 0.11875
8 0.33046875 0.33203125 0.1609375 0.3015625
1 0.4140625 0.403125 0.128125 0.25
3 0.7390625 0.2328125 0.521875 0.465625
0 0.0390625 0.7953125 0.078125 0.215625
8 0.078125 0.93125 0.15625 0.1375
2 0.321875 0.8953125 0.3125 0.209375
2 0.271875 0.7109375 0.4125 0.365625
10 0.1125 0.86171875 0.125 0.1484375
3 0.7390625 0.7640625 0.521875 0.471875