9 0.278125 0.30390625 0.24375 0.4328125
9 0.096875 0.5703125 0.19375 0.096875
9 0.3671875 0.50625 0.309375 0.225
9 0.596875 0.36328125 0.25 0.3328125
9 0.853125 0.3578125 0.25 0.190625
9 0.7671875 0.2359375 0.078125 0.171875
9 0.8265625 0.1125 0.196875 0.1875
9 0.9609375 0.0796875 0.078125 0.159375
10 0.571875 0.9171875 0.1875 0.165625
10 0.065625 0.9296875 0.13125 0.140625
10 0.146875 0.9078125 0.13125 0.184375
6 0.3984375 0.896875 0.315625 0.20625
9 0.7703125 0.809375 0.084375 0.38125
9 0.8953125 0.8609375 0.209375 0.278125