9 0.1484375 0.3296875 0.240625 0.659375
3 0.5484375 0.08125 0.559375 0.1625
0 0.384375 0.32734375 0.2125 0.3171875
0 0.5109375 0.5390625 0.328125 0.240625
0 0.67890625 0.2328125 0.2390625 0.215625
8 0.76171875 0.4625 0.2296875 0.325
2 0.9421875 0.44375 0.115625 0.43125
2 0.8921875 0.165625 0.215625 0.33125
10 0.3125 0.5546875 0.0875 0.184375
10 0.5046875 0.33203125 0.128125 0.1578125
10 0.628125 0.30546875 0.1375 0.1859375
10 0.5171875 0.19140625 0.121875 0.1390625
10 0.83125 0.29921875 0.125 0.1484375
3 0.196875 0.8109375 0.10625 0.303125
8 0.075 0.7765625 0.15 0.234375
3 0.634375 0.8296875 0.73125 0.340625