10 0.10234375 0.18125 0.1984375 0.275
10 0.38046875 0.17890625 0.2109375 0.3015625
10 0.2359375 0.309375 0.184375 0.24375
10 0.23515625 0.0765625 0.2140625 0.153125
8 0.1453125 0.63359375 0.253125 0.3734375
8 0.371875 0.55234375 0.20625 0.3046875
3 0.47109375 0.70078125 0.3671875 0.1578125
3 0.50078125 0.80859375 0.5640625 0.1734375
3 0.50625 0.915625 0.39375 0.16875
7 0.7125 0.93984375 0.0875 0.0984375
7 0.87265625 0.88359375 0.0890625 0.1234375
7 0.9109375 0.821875 0.084375 0.10625
7 0.753125 0.8921875 0.075 0.109375
7 0.8265625 0.9078125 0.053125 0.128125
7 0.95390625 0.89375 0.0828125 0.1375
1 0.85703125 0.59296875 0.2828125 0.3609375
1 0.5828125 0.58515625 0.240625 0.3015625
0 0.75625 0.12734375 0.36875 0.2546875