2 0.36015625 0.24609375 0.4578125 0.4046875
8 0.16796875 0.740625 0.2171875 0.1875
8 0.3375 0.68984375 0.1625 0.2109375
8 0.19921875 0.64609375 0.1609375 0.1359375
0 0.53125 0.6625 0.1375 0.18125
0 0.6921875 0.6421875 0.203125 0.240625
0 0.834375 0.58125 0.21875 0.25
0 0.62890625 0.57578125 0.1828125 0.1328125
9 0.78125 0.31328125 0.13125 0.1328125
9 0.6 0.3984375 0.14375 0.128125
9 0.7234375 0.42890625 0.153125 0.1265625
9 0.89296875 0.38515625 0.1484375 0.1828125
9 0.68671875 0.29765625 0.0984375 0.0953125
3 0.3421875 0.46640625 0.440625 0.1328125
3 0.340625 0.50859375 0.175 0.3609375
3 0.40546875 0.5578125 0.3734375 0.140625
3 0.20703125 0.5546875 0.2203125 0.115625