2 0.196875 0.1265625 0.39375 0.253125
8 0.040625 0.5453125 0.08125 0.184375
8 0.14375 0.49609375 0.1625 0.2109375
8 0.0421875 0.4515625 0.084375 0.134375
0 0.3375 0.46875 0.1375 0.18125
0 0.4625 0.4484375 0.13125 0.240625
0 0.43515625 0.38203125 0.1828125 0.1328125
9 0.40625 0.2046875 0.14375 0.128125
9 0.490625 0.2328125 0.075 0.128125
9 0.4859375 0.1015625 0.084375 0.096875
3 0.184375 0.2703125 0.36875 0.134375
3 0.146875 0.31484375 0.175 0.3609375
3 0.21171875 0.3640625 0.3734375 0.140625
3 0.0609375 0.3609375 0.121875 0.115625
3 0.7640625 0.2390625 0.471875 0.409375
1 0.45625 0.81875 0.14375 0.3625
1 0.1984375 0.921875 0.396875 0.15625
8 0.5734375 0.7828125 0.090625 0.290625