3 0.3015625 0.1015625 0.315625 0.203125
3 0.2484375 0.3359375 0.421875 0.265625
3 0.6234375 0.0515625 0.221875 0.103125
3 0.6203125 0.096875 0.246875 0.19375
8 0.778125 0.10078125 0.15625 0.1828125
8 0.5234375 0.0609375 0.128125 0.121875
2 0.1703125 0.6203125 0.340625 0.303125
8 0.090625 0.9546875 0.1625 0.090625
0 0.284375 0.9484375 0.1375 0.103125
0 0.4015625 0.9234375 0.115625 0.153125
0 0.3734375 0.8984375 0.171875 0.134375
9 0.353125 0.7234375 0.14375 0.128125
9 0.4296875 0.7515625 0.059375 0.128125
9 0.425 0.6203125 0.06875 0.096875
3 0.1578125 0.7890625 0.315625 0.134375
3 0.09375 0.8265625 0.175 0.346875
3 0.171875 0.8828125 0.34375 0.140625
3 0.034375 0.8796875 0.06875 0.115625
3 0.7296875 0.734375 0.540625 0.53125