9 0.115625 0.1140625 0.23125 0.228125
9 0.475 0.2484375 0.15 0.178125
0 0.2390625 0.2546875 0.309375 0.165625
0 0.3328125 0.090625 0.265625 0.18125
3 0.4453125 0.1453125 0.209375 0.290625
3 0.775 0.21875 0.45 0.2375
3 0.2671875 0.4109375 0.534375 0.146875
0 0.0984375 0.6484375 0.196875 0.315625
0 0.2171875 0.8703125 0.328125 0.259375
0 0.38515625 0.5546875 0.2390625 0.215625
8 0.4515625 0.784375 0.196875 0.325
10 0.03125 0.8765625 0.0625 0.184375
10 0.2109375 0.65390625 0.128125 0.1578125
10 0.334375 0.62734375 0.1375 0.1859375
10 0.2234375 0.51328125 0.121875 0.1390625
10 0.5125 0.6203125 0.075 0.146875
5 0.86875 0.7453125 0.2625 0.484375