10 0.4234375 0.0390625 0.071875 0.078125
2 0.14375 0.0390625 0.2875 0.078125
8 0.2640625 0.071875 0.115625 0.14375
3 0.33515625 0.271875 0.2765625 0.18125
8 0.4765625 0.34375 0.128125 0.1875
1 0.50625 0.2203125 0.10625 0.165625
1 0.3484375 0.38125 0.209375 0.1125
9 0.671875 0.353125 0.225 0.16875
9 0.5859375 0.2421875 0.053125 0.171875
9 0.6453125 0.11875 0.171875 0.1875
9 0.8578125 0.0828125 0.259375 0.165625
9 0.8890625 0.2421875 0.221875 0.221875
9 0.884375 0.390625 0.23125 0.09375
9 0.9828125 0.3234375 0.034375 0.121875
10 0.43125 0.553125 0.25625 0.23125
10 0.7328125 0.83125 0.346875 0.3375