3 0.26875 0.3484375 0.5375 0.203125
0 0.7453125 0.4078125 0.203125 0.084375
0 0.8875 0.375 0.21875 0.15
0 0.6796875 0.4 0.184375 0.1
9 0.834375 0.15703125 0.13125 0.1328125
9 0.653125 0.2421875 0.14375 0.128125
9 0.7765625 0.27265625 0.153125 0.1265625
9 0.9359375 0.2265625 0.128125 0.184375
9 0.73984375 0.14140625 0.0984375 0.0953125
3 0.590625 0.390625 0.10625 0.11875
3 0.35625 0.6265625 0.3625 0.353125
1 0.621875 0.6796875 0.16875 0.459375
1 0.8515625 0.525 0.290625 0.15
1 0.8234375 0.69375 0.353125 0.4875