3 0.27421875 0.1125 0.0609375 0.10625
3 0.32578125 0.13125 0.0390625 0.075
3 0.340625 0.2171875 0.05 0.078125
3 0.3484375 0.29921875 0.040625 0.0796875
3 0.29609375 0.21015625 0.0484375 0.0828125
3 0.2984375 0.309375 0.053125 0.1
3 0.2421875 0.203125 0.046875 0.08125
3 0.17109375 0.1453125 0.0921875 0.134375
3 0.20390625 0.31484375 0.0828125 0.1296875
3 0.1625 0.26328125 0.0625 0.0953125
3 0.7296875 0.2 0.240625 0.4
3 0.903125 0.2 0.19375 0.4
10 0.1171875 0.796875 0.234375 0.40625
10 0.2046875 0.9125 0.278125 0.175
10 0.53125 0.7609375 0.15625 0.334375