9 0.2421875 0.0703125 0.253125 0.140625
9 0.0984375 0.1890625 0.196875 0.334375
9 0.2140625 0.290625 0.240625 0.1375
9 0.3625 0.1796875 0.23125 0.359375
3 0.7734375 0.296875 0.390625 0.125
10 0.1109375 0.7265625 0.221875 0.384375
3 0.60390625 0.6828125 0.0515625 0.534375
3 0.6390625 0.72890625 0.046875 0.4890625
3 0.525 0.8015625 0.09375 0.396875
8 0.934375 0.4390625 0.13125 0.159375
7 0.975 0.5859375 0.05 0.209375
0 0.909375 0.8171875 0.1125 0.171875
0 0.8265625 0.89140625 0.103125 0.2015625
0 0.8859375 0.68125 0.103125 0.16875