3 0.3984375 0.265625 0.221875 0.2875
3 0.0625 0.2046875 0.125 0.409375
3 0.696875 0.2046875 0.375 0.409375
3 0.8 0.2046875 0.4 0.409375
3 0.2890625 0.74921875 0.440625 0.1984375
9 0.27421875 0.57109375 0.1546875 0.2046875
9 0.184375 0.6390625 0.18125 0.215625
9 0.34921875 0.50078125 0.2046875 0.1578125
9 0.3875 0.6203125 0.1375 0.178125
5 0.265625 0.89921875 0.16875 0.1859375
8 0.4171875 0.871875 0.184375 0.25625
8 0.484375 0.6640625 0.05 0.303125
2 0.6828125 0.5984375 0.346875 0.378125
3 0.9296875 0.70625 0.140625 0.35625
3 0.921875 0.825 0.15625 0.3
8 0.8671875 0.80078125 0.134375 0.2078125