8 0.2859375 0.2875 0.184375 0.26875
8 0.2203125 0.14375 0.315625 0.2875
3 0.6890625 0.178125 0.621875 0.35625
1 0.19296875 0.61484375 0.2296875 0.2859375
1 0.109375 0.46875 0.11875 0.08125
1 0.1578125 0.8875 0.165625 0.225
1 0.35625 0.8625 0.04375 0.275
10 0.73828125 0.56484375 0.1390625 0.2296875
10 0.796875 0.74921875 0.1 0.1609375
10 0.86484375 0.62578125 0.1234375 0.1515625
10 0.6375 0.49375 0.1125 0.13125
0 0.66484375 0.80078125 0.1859375 0.2890625
0 0.48359375 0.740625 0.1921875 0.325
3 0.8703125 0.76875 0.259375 0.4625
9 0.8859375 0.4859375 0.215625 0.115625