6 0.3703125 0.27890625 0.490625 0.4515625
10 0.2484375 0.065625 0.184375 0.13125
9 0.8390625 0.415625 0.196875 0.24375
9 0.9234375 0.3890625 0.153125 0.296875
9 0.90625 0.15 0.1875 0.21875
9 0.734375 0.2015625 0.19375 0.271875
9 0.6953125 0.2421875 0.115625 0.271875
9 0.86640625 0.2671875 0.0890625 0.121875
9 0.71171875 0.39453125 0.0609375 0.0828125
3 0.43125 0.7828125 0.4125 0.196875
9 0.2890625 0.6109375 0.259375 0.146875
9 0.540625 0.609375 0.19375 0.14375
3 0.965625 0.8203125 0.06875 0.359375
2 0.771875 0.76875 0.26875 0.4625