6 0.475 0.2296875 0.225 0.396875
10 0.13046875 0.1609375 0.2234375 0.315625
10 0.04375 0.3265625 0.0875 0.203125
10 0.1875 0.359375 0.225 0.1375
5 0.771875 0.1515625 0.15625 0.303125
5 0.9484375 0.1421875 0.103125 0.284375
5 0.9234375 0.3390625 0.153125 0.178125
9 0.48046875 0.79140625 0.1984375 0.3328125
9 0.32578125 0.74140625 0.2890625 0.3390625
9 0.2515625 0.859375 0.253125 0.28125
9 0.121875 0.59453125 0.2375 0.2765625
9 0.3578125 0.5078125 0.290625 0.159375
9 0.5359375 0.546875 0.103125 0.2375
9 0.45390625 0.5953125 0.0890625 0.121875
9 0.58125 0.7203125 0.0125 0.084375
1 0.6921875 0.5640625 0.209375 0.271875
1 0.71875 0.7640625 0.2625 0.471875
1 0.8984375 0.7265625 0.203125 0.546875