10 0.0171875 0.1734375 0.034375 0.303125
10 0.1421875 0.2859375 0.234375 0.328125
10 0.1015625 0.065625 0.190625 0.13125
1 0.7921875 0.125 0.415625 0.25
1 0.5125 0.153125 0.16875 0.30625
1 0.7203125 0.225 0.559375 0.45
10 0.3484375 0.4984375 0.071875 0.096875
2 0.10625 0.4984375 0.2125 0.096875
8 0.1890625 0.53125 0.115625 0.1625
3 0.26015625 0.740625 0.2765625 0.18125
8 0.3828125 0.8140625 0.090625 0.190625
1 0.403125 0.6890625 0.05 0.165625
1 0.2734375 0.896875 0.209375 0.20625
3 0.7671875 0.725 0.465625 0.55