3 0.22265625 0.13203125 0.3890625 0.2578125
3 0.2296875 0.2265625 0.378125 0.121875
1 0.775 0.05625 0.45 0.1125
1 0.734375 0.14375 0.53125 0.2875
3 0.2296875 0.6875 0.459375 0.625
2 0.571875 0.3921875 0.20625 0.209375
8 0.4875 0.7390625 0.0375 0.209375
0 0.61875 0.7125 0.1375 0.18125
0 0.7796875 0.6921875 0.203125 0.240625
0 0.90625 0.63125 0.1875 0.25
0 0.71640625 0.62578125 0.1828125 0.1328125
9 0.86875 0.36328125 0.13125 0.1328125
9 0.6875 0.4484375 0.14375 0.128125
9 0.8109375 0.47890625 0.153125 0.1265625
9 0.953125 0.4328125 0.09375 0.184375
9 0.77421875 0.34765625 0.0984375 0.0953125
3 0.559375 0.5140625 0.18125 0.134375
3 0.4921875 0.5578125 0.046875 0.359375
3 0.5734375 0.6078125 0.209375 0.140625