9 0.20859375 0.38515625 0.1984375 0.3328125
9 0.36328125 0.33515625 0.2890625 0.3390625
9 0.4140625 0.4609375 0.209375 0.296875
9 0.4828125 0.1859375 0.071875 0.278125
9 0.3265625 0.090625 0.290625 0.18125
9 0.1 0.1296875 0.2 0.259375
9 0.0609375 0.1640625 0.121875 0.271875
9 0.23515625 0.1890625 0.0890625 0.121875
9 0.08046875 0.31640625 0.0609375 0.0828125
9 0.790625 0.2734375 0.41875 0.546875
9 0.8 0.60625 0.4 0.1875
9 0.6109375 0.5390625 0.184375 0.321875
10 0.078125 0.9453125 0.15625 0.109375
10 0.2953125 0.85 0.278125 0.3
10 0.8515625 0.8234375 0.296875 0.246875