9 0.35625 0.3453125 0.1625 0.328125
9 0.21953125 0.30078125 0.2890625 0.3390625
9 0.1453125 0.39375 0.253125 0.23125
9 0.0671875 0.1515625 0.134375 0.278125
9 0.2515625 0.0734375 0.290625 0.146875
9 0.4078125 0.1125 0.059375 0.225
9 0.34765625 0.1546875 0.0890625 0.121875
3 0.71875 0.4046875 0.5625 0.209375
10 0.14375 0.653125 0.2875 0.2875
10 0.1515625 0.8984375 0.303125 0.203125
10 0.3296875 0.8984375 0.215625 0.203125
10 0.540625 0.6578125 0.20625 0.296875
10 0.8234375 0.7453125 0.334375 0.471875