9 0.44609375 0.41328125 0.1984375 0.3328125
9 0.29140625 0.36328125 0.2890625 0.3390625
9 0.2171875 0.4890625 0.253125 0.296875
9 0.103125 0.2140625 0.20625 0.278125
9 0.3234375 0.1046875 0.290625 0.209375
9 0.56796875 0.15390625 0.2359375 0.2703125
9 0.6234375 0.1921875 0.190625 0.271875
9 0.41953125 0.2171875 0.0890625 0.121875
9 0.57109375 0.34453125 0.0609375 0.0828125
3 0.859375 0.3390625 0.28125 0.678125
10 0.4578125 0.8515625 0.271875 0.296875
8 0.946875 0.815625 0.10625 0.26875
8 0.88125 0.746875 0.2375 0.1375