9 0.1390625 0.39296875 0.271875 0.1921875
9 0.0515625 0.2703125 0.103125 0.171875
9 0.1109375 0.146875 0.221875 0.1875
9 0.3484375 0.096875 0.259375 0.19375
9 0.40390625 0.2703125 0.2640625 0.221875
9 0.5546875 0.1953125 0.165625 0.259375
9 0.38046875 0.4484375 0.2421875 0.153125
9 0.5234375 0.35390625 0.134375 0.1203125
9 0.7890625 0.471875 0.303125 0.275
9 0.9453125 0.4875 0.109375 0.24375
9 0.825 0.2234375 0.35 0.409375
8 0.2734375 0.9609375 0.509375 0.078125
8 0.5515625 0.9125 0.171875 0.175
8 0.184375 0.803125 0.36875 0.2875
8 0.45 0.71875 0.375 0.21875
3 0.81875 0.890625 0.3625 0.21875