9 0.2546875 0.225 0.509375 0.45
10 0.86875 0.2546875 0.2625 0.390625
8 0.0625 0.7171875 0.125 0.209375
0 0.2375 0.690625 0.1375 0.18125
0 0.3984375 0.6703125 0.203125 0.240625
0 0.4703125 0.609375 0.078125 0.25
0 0.33515625 0.60390625 0.1828125 0.1328125
9 0.30625 0.4703125 0.14375 0.040625
9 0.4296875 0.484375 0.153125 0.06875
3 0.134375 0.5046875 0.26875 0.109375
3 0.0671875 0.5828125 0.134375 0.265625
3 0.1484375 0.5859375 0.296875 0.140625
3 0.84375 0.621875 0.3125 0.2375
3 0.5390625 0.7078125 0.059375 0.271875