9 0.31875 0.2671875 0.2125 0.221875
9 0.5 0.196875 0.1 0.28125
9 0.47421875 0.14296875 0.1296875 0.2234375
9 0.3671875 0.090625 0.221875 0.18125
9 0.175 0.0609375 0.2 0.121875
9 0.21484375 0.13203125 0.1046875 0.1390625
11 0.775 0.1890625 0.45 0.378125
11 0.275 0.7109375 0.55 0.578125
6 0.6203125 0.43125 0.140625 0.10625
6 0.9234375 0.4390625 0.153125 0.096875
3 0.809375 0.89609375 0.09375 0.1609375
3 0.83984375 0.8734375 0.1046875 0.121875
6 0.8859375 0.79921875 0.153125 0.1109375
8 0.66953125 0.73671875 0.1390625 0.1109375