9 0.4046875 0.2546875 0.146875 0.509375
9 0.2265625 0.4453125 0.453125 0.128125
10 0.5671875 0.1828125 0.178125 0.365625
10 0.834375 0.2765625 0.33125 0.465625
3 0.1765625 0.8453125 0.353125 0.196875
9 0.11796875 0.66796875 0.1546875 0.2046875
9 0.059375 0.7359375 0.11875 0.215625
9 0.19296875 0.59765625 0.2046875 0.1578125
9 0.23125 0.7171875 0.1375 0.178125
5 0.109375 0.9515625 0.16875 0.096875
8 0.275 0.9203125 0.2125 0.159375
8 0.38359375 0.76328125 0.1609375 0.3015625
1 0.440625 0.8546875 0.075 0.290625
3 0.7125 0.659375 0.46875 0.3
3 0.7390625 0.91875 0.521875 0.1625