9 0.1765625 0.23125 0.353125 0.4625
9 0.2140625 0.4828125 0.428125 0.109375
1 0.9703125 0.2390625 0.059375 0.284375
1 0.95625 0.0671875 0.0875 0.134375
1 0.678125 0.26875 0.1625 0.35625
1 0.7609375 0.0453125 0.196875 0.090625
1 0.6109375 0.0453125 0.171875 0.090625
1 0.5125 0.3578125 0.16875 0.359375
1 0.7078125 0.4765625 0.234375 0.121875
9 0.0421875 0.690625 0.084375 0.2375
9 0.146875 0.8171875 0.23125 0.321875
3 0.58125 0.76875 0.30625 0.4625
5 0.8953125 0.6046875 0.146875 0.134375
5 0.8625 0.8234375 0.15625 0.346875