8 0.2296875 0.24375 0.459375 0.4875
9 0.76875 0.2203125 0.4625 0.440625
10 0.15234375 0.65546875 0.0921875 0.1046875
10 0.22109375 0.76015625 0.0734375 0.1453125
2 0.0421875 0.659375 0.084375 0.34375
8 0.06328125 0.81328125 0.1140625 0.1703125
3 0.134375 0.9671875 0.26875 0.065625
1 0.3546875 0.9453125 0.209375 0.109375
10 0.959375 0.509375 0.08125 0.04375
2 0.7515625 0.571875 0.290625 0.16875
8 0.87578125 0.63828125 0.1140625 0.1703125
3 0.9015625 0.85 0.196875 0.18125
1 0.9265625 0.9515625 0.146875 0.096875