10 0.15703125 0.31484375 0.1390625 0.2296875
10 0.215625 0.49921875 0.1 0.1609375
10 0.28359375 0.37578125 0.1234375 0.1515625
10 0.05625 0.2390625 0.1125 0.140625
0 0.0875 0.50625 0.175 0.20625
3 0.3078125 0.4484375 0.296875 0.321875
2 0.51875 0.3453125 0.1375 0.528125
7 0.0484375 0.0484375 0.096875 0.096875
9 0.175 0.1109375 0.14375 0.221875
9 0.3046875 0.1796875 0.215625 0.228125
9 0.3359375 0.0484375 0.209375 0.096875
9 0.0921875 0.0921875 0.071875 0.184375
3 0.79375 0.3390625 0.4125 0.503125
3 0.29375 0.8046875 0.5875 0.390625
3 0.6734375 0.8140625 0.171875 0.259375
3 0.675 0.925 0.175 0.15