10 0.39453125 0.43671875 0.1390625 0.2296875
10 0.453125 0.62109375 0.1 0.1609375
10 0.52109375 0.49765625 0.1234375 0.1515625
10 0.29375 0.3609375 0.1125 0.140625
0 0.32109375 0.67265625 0.1859375 0.2890625
0 0.13984375 0.6125 0.1921875 0.325
3 0.54765625 0.659375 0.2953125 0.5
2 0.84296875 0.49296875 0.3109375 0.5796875
7 0.2765625 0.13359375 0.115625 0.1734375
9 0.4125 0.171875 0.14375 0.34375
9 0.5421875 0.3015625 0.215625 0.228125
9 0.57421875 0.11796875 0.2109375 0.2046875
9 0.33203125 0.1875 0.0703125 0.2375