10 0.1984375 0.3875 0.140625 0.14375
10 0.3265625 0.4359375 0.121875 0.046875
10 0.1 0.3546875 0.1125 0.140625
7 0.0828125 0.12734375 0.115625 0.1734375
9 0.21875 0.16875 0.14375 0.3375
9 0.3484375 0.2953125 0.215625 0.228125
9 0.38046875 0.11171875 0.2109375 0.2046875
9 0.13828125 0.18125 0.0703125 0.2375
10 0.7140625 0.221875 0.190625 0.44375
3 0.22890625 0.82421875 0.1453125 0.2421875
3 0.19375 0.8515625 0.13125 0.228125
8 0.37734375 0.809375 0.0859375 0.13125
8 0.45390625 0.86796875 0.0765625 0.1234375
6 0.584375 0.6484375 0.06875 0.109375
6 0.609375 0.696875 0.01875 0.125
5 0.90625 0.6703125 0.1875 0.421875