1 0.390625 0.3234375 0.1375 0.209375
1 0.353125 0.17109375 0.11875 0.1734375
1 0.4078125 0.0515625 0.103125 0.103125
1 0.0703125 0.3203125 0.140625 0.215625
1 0.1421875 0.10625 0.196875 0.2125
1 0.0390625 0.10625 0.078125 0.2125
10 0.953125 0.3671875 0.09375 0.121875
3 0.2890625 0.8484375 0.259375 0.303125
1 0.8296875 0.86875 0.228125 0.2625
1 0.746875 0.68984375 0.11875 0.1734375
1 0.9328125 0.5921875 0.134375 0.228125
1 0.825 0.5296875 0.15 0.184375
1 0.496875 0.865625 0.075 0.26875
1 0.546875 0.5875 0.175 0.2875