9 0.21875 0.21875 0.11875 0.4375
9 0.1390625 0.3625 0.278125 0.375
9 0.109375 0.2171875 0.21875 0.384375
9 0.5328125 0.3421875 0.478125 0.515625
10 0.08359375 0.9234375 0.0921875 0.146875
10 0.0171875 0.7828125 0.034375 0.115625
10 0.08671875 0.76640625 0.0796875 0.1203125
10 0.0140625 0.6515625 0.028125 0.084375
10 0.0671875 0.6234375 0.065625 0.046875
10 0.07890625 0.67578125 0.0828125 0.0890625
4 0.2 0.6921875 0.15625 0.184375
1 0.5203125 0.909375 0.271875 0.18125
1 0.8359375 0.890625 0.228125 0.21875