9 0.221875 0.0828125 0.23125 0.165625
9 0.134375 0.2171875 0.26875 0.328125
9 0.20625 0.321875 0.2625 0.3125
8 0.80546875 0.184375 0.0796875 0.11875
1 0.8453125 0.03125 0.053125 0.0625
1 0.8640625 0.01875 0.028125 0.0375
5 0.9390625 0.015625 0.034375 0.03125
9 0.16875 0.6875 0.3375 0.41875
1 0.4734375 0.6296875 0.271875 0.303125
1 0.6359375 0.6625 0.271875 0.36875
1 0.4921875 0.865625 0.259375 0.26875
1 0.7078125 0.9171875 0.290625 0.165625
1 0.915625 0.9140625 0.16875 0.171875
1 0.8515625 0.7109375 0.265625 0.396875