9 0.1640625 0.2046875 0.328125 0.409375
8 0.7140625 0.396875 0.059375 0.025
5 0.5578125 0.3890625 0.034375 0.040625
5 0.553125 0.37265625 0.03125 0.0390625
1 0.5765625 0.3015625 0.040625 0.065625
1 0.56796875 0.2796875 0.0359375 0.046875
5 0.07578125 0.859375 0.0515625 0.06875
1 0.24375 0.8359375 0.0875 0.115625
1 0.30625 0.7890625 0.04375 0.096875
8 0.3015625 0.7171875 0.053125 0.078125
1 0.8140625 0.684375 0.371875 0.55
1 0.4890625 0.6828125 0.321875 0.546875
1 0.6875 0.8796875 0.33125 0.240625