9 0.1796875 0.175 0.359375 0.35
1 0.6109375 0.1265625 0.278125 0.253125
1 0.7765625 0.159375 0.271875 0.31875
1 0.6328125 0.2765625 0.259375 0.146875
1 0.9296875 0.175 0.140625 0.35
10 0.12890625 0.8859375 0.0953125 0.153125
10 0.2484375 0.934375 0.090625 0.13125
10 0.153125 0.8015625 0.09375 0.115625
10 0.25234375 0.78515625 0.0796875 0.1203125
10 0.11484375 0.7328125 0.0734375 0.109375
10 0.1625 0.6703125 0.0625 0.084375
10 0.2328125 0.6234375 0.065625 0.084375
10 0.24453125 0.69453125 0.0828125 0.0890625
4 0.2140625 0.5640625 0.290625 0.228125
4 0.3234375 0.6453125 0.071875 0.315625
2 0.5 0.5296875 0.2375 0.359375
0 0.3984375 0.6421875 0.078125 0.240625
3 0.45078125 0.7859375 0.0828125 0.259375
9 0.525 0.73984375 0.075 0.1296875
9 0.5921875 0.72578125 0.084375 0.1390625
9 0.54765625 0.84765625 0.1328125 0.1828125
8 0.390625 0.7734375 0.0625 0.178125