1 0.4765625 0.43203125 0.165625 0.3015625
1 0.53125 0.3421875 0.05625 0.290625
10 0.09140625 0.4671875 0.0953125 0.153125
10 0.21171875 0.5234375 0.0921875 0.146875
10 0.115625 0.3828125 0.09375 0.115625
10 0.21484375 0.36640625 0.0796875 0.1203125
10 0.07734375 0.3140625 0.0734375 0.109375
10 0.125 0.2515625 0.0625 0.084375
10 0.1953125 0.2046875 0.065625 0.084375
10 0.20703125 0.27578125 0.0828125 0.0890625
4 0.21640625 0.14765625 0.3640625 0.2265625
4 0.33984375 0.22890625 0.1796875 0.3140625
8 0.87734375 0.33125 0.0796875 0.11875
1 0.9171875 0.17109375 0.053125 0.0796875
1 0.93671875 0.1515625 0.0296875 0.065625
3 0.0734375 0.75625 0.084375 0.19375
9 0.15 0.7 0.075 0.08125
9 0.2171875 0.6953125 0.084375 0.071875
9 0.17265625 0.78515625 0.1328125 0.1828125
8 0.0234375 0.7296875 0.046875 0.140625
1 0.60625 0.8296875 0.09375 0.340625