1 0.5 0.1921875 0.1 0.303125
10 0.14765625 0.2296875 0.0953125 0.153125
10 0.26796875 0.2859375 0.0921875 0.146875
10 0.171875 0.1453125 0.09375 0.115625
10 0.27109375 0.12890625 0.0796875 0.1203125
10 0.13359375 0.0765625 0.0734375 0.109375
10 0.18125 0.028125 0.0625 0.05625
10 0.2609375 0.040625 0.084375 0.08125
4 0.3953125 0.0734375 0.178125 0.146875
9 0.75625 0.1890625 0.4125 0.378125
1 0.2171875 0.7375 0.434375 0.5
1 0.440625 0.646875 0.21875 0.31875
1 0.09375 0.89375 0.1875 0.2125
1 0.7609375 0.7171875 0.409375 0.459375