1 0.5359375 0.55703125 0.165625 0.3015625
1 0.8328125 0.53046875 0.165625 0.3484375
1 0.6515625 0.4671875 0.178125 0.290625
10 0.15078125 0.5921875 0.0953125 0.153125
10 0.27109375 0.6484375 0.0921875 0.146875
10 0.175 0.5078125 0.09375 0.115625
10 0.27421875 0.49140625 0.0796875 0.1203125
10 0.13671875 0.4390625 0.0734375 0.109375
10 0.184375 0.3765625 0.0625 0.084375
10 0.2546875 0.3296875 0.065625 0.084375
10 0.26640625 0.40078125 0.0828125 0.0890625
4 0.27578125 0.27265625 0.3640625 0.2265625
4 0.39921875 0.35390625 0.1796875 0.3140625