1 0.1765625 0.4109375 0.165625 0.153125
1 0.4734375 0.3875 0.165625 0.2
1 0.2921875 0.3703125 0.178125 0.234375
4 0.0484375 0.2015625 0.096875 0.228125
4 0.0640625 0.2828125 0.128125 0.315625
9 0.76171875 0.1953125 0.2609375 0.353125
9 0.6328125 0.375 0.128125 0.225
1 0.0453125 0.7484375 0.090625 0.409375
1 0.1265625 0.8140625 0.253125 0.371875
1 0.3328125 0.8421875 0.265625 0.315625
5 0.834375 0.771875 0.05 0.09375
5 0.70546875 0.7859375 0.0671875 0.084375
5 0.78203125 0.76875 0.0515625 0.09375
1 0.5828125 0.7203125 0.028125 0.146875
1 0.6484375 0.69609375 0.090625 0.1484375