1 0.1734375 0.25703125 0.165625 0.3015625
1 0.46875 0.2296875 0.1625 0.346875
1 0.2890625 0.1671875 0.178125 0.290625
4 0.0625 0.1046875 0.125 0.209375
1 0.76875 0.4765625 0.4375 0.184375
9 0.1171875 0.66875 0.128125 0.2
9 0.25859375 0.678125 0.1796875 0.21875
9 0.34375 0.7234375 0.1625 0.228125
8 0.26171875 0.86328125 0.1671875 0.2453125
0 0.39609375 0.81484375 0.1421875 0.2984375
0 0.3015625 0.946875 0.153125 0.10625
0 0.4578125 0.9265625 0.165625 0.146875
3 0.10625 0.8953125 0.2125 0.209375
3 0.109375 0.96875 0.20625 0.0625
9 0.1671875 0.80546875 0.153125 0.2546875