9 0.2890625 0.490625 0.115625 0.075
9 0.1984375 0.4296875 0.090625 0.196875
9 0.13125 0.3015625 0.10625 0.203125
9 0.23515625 0.25078125 0.1265625 0.2203125
9 0.334375 0.2390625 0.06875 0.159375
9 0.321875 0.39375 0.09375 0.2
9 0.153125 0.4546875 0.14375 0.146875
1 0.69375 0.26875 0.51875 0.4875
1 0.0640625 0.7125 0.128125 0.36875
1 0.23125 0.7078125 0.275 0.359375
1 0.69296875 0.65703125 0.0734375 0.1015625
1 0.7390625 0.62109375 0.090625 0.1171875
5 0.821875 0.6421875 0.0375 0.053125
5 0.86328125 0.60078125 0.0328125 0.0515625
5 0.8359375 0.6171875 0.046875 0.065625
8 0.953125 0.5515625 0.0625 0.046875