8 0.4609375 0.2359375 0.078125 0.171875
8 0.36640625 0.24140625 0.1078125 0.1828125
10 0.3265625 0.2765625 0.053125 0.090625
10 0.2390625 0.35390625 0.053125 0.1015625
10 0.30234375 0.35390625 0.0609375 0.0953125
10 0.19609375 0.29140625 0.0546875 0.0765625
10 0.28046875 0.18828125 0.0609375 0.0953125
10 0.1046875 0.0296875 0.053125 0.059375
10 0.10859375 0.1125 0.0609375 0.08125
7 0.1984375 0.48125 0.071875 0.05625
7 0.1171875 0.490625 0.040625 0.0375
5 0.8890625 0.31796875 0.153125 0.1546875
9 0.146875 0.884375 0.2625 0.23125
9 0.36875 0.8671875 0.2625 0.265625