9 0.2140625 0.2421875 0.128125 0.209375
9 0.35546875 0.25625 0.1796875 0.21875
9 0.440625 0.3015625 0.1625 0.228125
8 0.35859375 0.44140625 0.1671875 0.2453125
0 0.49296875 0.39296875 0.1421875 0.2984375
0 0.40078125 0.58046875 0.1515625 0.2171875
0 0.5546875 0.55390625 0.165625 0.2390625
0 0.575 0.6953125 0.15625 0.196875
3 0.19921875 0.49296875 0.2234375 0.2484375
3 0.20625 0.61796875 0.20625 0.2046875
3 0.18046875 0.69609375 0.2359375 0.2671875
3 0.21328125 0.83046875 0.2078125 0.2921875
9 0.2640625 0.38359375 0.153125 0.2546875
4 0.35703125 0.65 0.1453125 0.20625
4 0.3375 0.7328125 0.1375 0.171875
4 0.46796875 0.69609375 0.1171875 0.1546875
4 0.31484375 0.83359375 0.0609375 0.1734375
4 0.428125 0.80859375 0.0625 0.1734375