5 0.2609375 0.3078125 0.334375 0.559375
1 0.9296875 0.4703125 0.140625 0.259375
1 0.6796875 0.4109375 0.346875 0.378125
1 0.471875 0.184375 0.0875 0.30625
9 0.2140625 0.9359375 0.428125 0.128125
2 0.746875 0.6984375 0.2375 0.196875
0 0.6 0.7296875 0.16875 0.240625
3 0.6953125 0.871875 0.084375 0.25625
9 0.771875 0.82734375 0.075 0.1296875
9 0.8390625 0.81328125 0.084375 0.1390625
9 0.7921875 0.9203125 0.134375 0.159375
8 0.60703125 0.86328125 0.1265625 0.1765625
7 0.5171875 0.915625 0.115625 0.15