9 0.175 0.3171875 0.35 0.340625
8 0.8609375 0.4546875 0.096875 0.065625
1 0.9765625 0.3265625 0.046875 0.084375
5 0.84453125 0.3640625 0.0328125 0.059375
8 0.1296875 0.95625 0.078125 0.0875
5 0.14921875 0.75703125 0.0296875 0.0390625
1 0.08203125 0.79765625 0.0515625 0.0765625
1 0.0828125 0.76640625 0.046875 0.0578125
8 0.4828125 0.6171875 0.084375 0.096875
1 0.95234375 0.72109375 0.0734375 0.1171875
1 0.8703125 0.7 0.090625 0.1125
5 0.70234375 0.625 0.0421875 0.05625
5 0.6640625 0.61171875 0.028125 0.0609375