2 0.19375 0.2640625 0.3875 0.528125
9 0.403125 0.0859375 0.03125 0.171875
9 0.4953125 0.0953125 0.178125 0.190625
9 0.58125 0.1265625 0.1625 0.228125
8 0.49921875 0.26640625 0.1671875 0.2453125
0 0.63359375 0.21796875 0.1421875 0.2984375
0 0.54140625 0.40546875 0.1515625 0.2171875
0 0.6953125 0.37890625 0.165625 0.2390625
0 0.715625 0.5046875 0.15625 0.165625
3 0.41875 0.3171875 0.0625 0.246875
3 0.41875 0.4421875 0.0625 0.203125
9 0.434375 0.2078125 0.09375 0.253125
4 0.49765625 0.475 0.1453125 0.20625
4 0.478125 0.5296875 0.1375 0.115625
4 0.6078125 0.515625 0.115625 0.14375
4 0.56875 0.5671875 0.0625 0.040625
5 0.071875 0.6921875 0.05625 0.078125
1 0.1140625 0.615625 0.065625 0.05625
9 0.69375 0.846875 0.6125 0.30625