9 0.15 0.44296875 0.1625 0.1921875
9 0.25546875 0.38828125 0.1421875 0.1703125
8 0.0296875 0.3859375 0.059375 0.196875
8 0.071875 0.2890625 0.14375 0.159375
10 0.18671875 0.11328125 0.0921875 0.1140625
10 0.29921875 0.0859375 0.1171875 0.165625
3 0.25625 0.24296875 0.2375 0.1546875
1 0.5625 0.0890625 0.16875 0.178125
1 0.7734375 0.090625 0.228125 0.18125
1 0.95 0.084375 0.1 0.16875
1 0.9515625 0.35 0.096875 0.30625
1 0.76875 0.5265625 0.225 0.146875
1 0.55 0.546875 0.14375 0.10625
5 0.2203125 0.8078125 0.440625 0.384375
8 0.7203125 0.634375 0.096875 0.06875