1 0.2671875 0.3265625 0.284375 0.521875
1 0.0734375 0.38125 0.146875 0.4125
1 0.1234375 0.1671875 0.246875 0.334375
1 0.3359375 0.0984375 0.146875 0.196875
3 0.4921875 0.2328125 0.165625 0.353125
1 0.859375 0.153125 0.28125 0.30625
8 0.65625 0.0828125 0.1875 0.165625
1 0.353125 0.88125 0.1125 0.2375
10 0.0203125 0.9375 0.040625 0.125
10 0.1140625 0.9671875 0.090625 0.065625
10 0.0328125 0.8671875 0.065625 0.115625
10 0.11796875 0.85078125 0.0796875 0.1203125
10 0.0078125 0.7984375 0.015625 0.109375
10 0.0296875 0.7359375 0.059375 0.084375
10 0.0984375 0.6890625 0.065625 0.084375
10 0.11015625 0.76015625 0.0828125 0.0890625
4 0.15 0.665625 0.3 0.15625
4 0.2421875 0.728125 0.178125 0.28125
9 0.603125 0.79375 0.3875 0.4125