1 0.134375 0.2171875 0.26875 0.403125
1 0.1734375 0.0984375 0.190625 0.196875
1 0.61484375 0.40546875 0.0734375 0.1109375
1 0.675 0.36171875 0.0875 0.1234375
5 0.76171875 0.39609375 0.0421875 0.0546875
5 0.8203125 0.36171875 0.040625 0.0546875
5 0.78515625 0.36953125 0.0453125 0.0578125
8 0.93671875 0.30390625 0.0734375 0.0953125
5 0.25234375 0.65859375 0.0296875 0.0484375
5 0.2359375 0.64296875 0.021875 0.0421875
1 0.2296875 0.6015625 0.034375 0.028125
2 0.825 0.6796875 0.35 0.184375
2 0.471875 0.75625 0.40625 0.3375