1 0.275 0.26875 0.55 0.3625
9 0.79375 0.3359375 0.4125 0.228125
1 0.2109375 0.684375 0.321875 0.46875
1 0.9484375 0.9015625 0.103125 0.196875
10 0.5953125 0.9578125 0.090625 0.084375
10 0.61875 0.9078125 0.09375 0.115625
10 0.71796875 0.89140625 0.0796875 0.1203125
10 0.5828125 0.8390625 0.065625 0.109375
10 0.628125 0.7765625 0.0625 0.084375
10 0.6984375 0.7296875 0.065625 0.084375
10 0.71015625 0.80078125 0.0828125 0.0890625
4 0.725 0.6703125 0.35 0.228125
4 0.84296875 0.75390625 0.1796875 0.3140625