1 0.2140625 0.253125 0.428125 0.50625
1 0.7296875 0.2078125 0.084375 0.115625
1 0.7734375 0.14453125 0.065625 0.0953125
5 0.8359375 0.19296875 0.046875 0.0609375
5 0.5734375 0.27734375 0.059375 0.0796875
5 0.7578125 0.09765625 0.040625 0.0390625
8 0.7203125 0.040625 0.065625 0.08125
9 0.2296875 0.671875 0.459375 0.30625
1 0.7109375 0.9515625 0.084375 0.096875
1 0.7546875 0.89765625 0.065625 0.0953125
5 0.8171875 0.94609375 0.046875 0.0609375
5 0.7390625 0.85078125 0.040625 0.0390625
8 0.70390625 0.79453125 0.0640625 0.0828125