1 0.20625 0.15 0.4125 0.3
9 0.903125 0.15 0.19375 0.3
9 0.76875 0.15 0.3625 0.3
9 0.5078125 0.946875 0.134375 0.10625
9 0.5625 0.8640625 0.05 0.184375
9 0.546875 0.6890625 0.08125 0.228125
9 0.3546875 0.9078125 0.115625 0.184375
9 0.26640625 0.81171875 0.0890625 0.2359375
9 0.196875 0.6640625 0.10625 0.203125
9 0.30078125 0.61328125 0.1265625 0.2203125
9 0.43984375 0.60390625 0.1484375 0.1578125
9 0.42109375 0.75625 0.1609375 0.2
9 0.21875 0.83984375 0.14375 0.1921875
2 0.7734375 0.65 0.371875 0.7