2 0.1875 0.125 0.2375 0.25
0 0.0625 0.175 0.125 0.225
3 0.1359375 0.2421875 0.084375 0.090625
9 0.2125 0.2515625 0.075 0.071875
9 0.2796875 0.240625 0.084375 0.09375
8 0.0546875 0.25625 0.109375 0.0625
9 0.7265625 0.128125 0.278125 0.25625
9 0.8046875 0.14375 0.390625 0.2875
8 0.34609375 0.7203125 0.0984375 0.128125
1 0.46796875 0.56171875 0.0609375 0.0859375
1 0.49921875 0.54375 0.0359375 0.08125
5 0.32890625 0.5984375 0.0328125 0.059375
5 0.79453125 0.53515625 0.0390625 0.0640625
5 0.8421875 0.56796875 0.046875 0.0671875
8 0.65 0.6578125 0.125 0.146875