3 0.315625 0.440625 0.34375 0.15625
9 0.10078125 0.22890625 0.1453125 0.1578125
9 0.0125 0.33125 0.025 0.15625
9 0.0796875 0.4265625 0.159375 0.184375
2 0.1 0.1015625 0.2 0.203125
9 0.74375 0.284375 0.5125 0.46875
1 0.3359375 0.96875 0.078125 0.0625
1 0.31875 0.9359375 0.0625 0.078125
8 0.228125 0.88984375 0.0625 0.0734375
5 0.2796875 0.9171875 0.034375 0.046875
5 0.38671875 0.959375 0.0421875 0.0375
8 0.56484375 0.66953125 0.0609375 0.0953125
1 0.98125 0.8015625 0.0375 0.103125
1 0.9109375 0.7703125 0.090625 0.109375
5 0.76796875 0.69765625 0.0421875 0.0453125
5 0.73203125 0.68046875 0.0328125 0.0484375