5 0.5890625 0.1515625 0.278125 0.303125
2 0.8640625 0.2390625 0.271875 0.478125
9 0.3421875 0.934375 0.134375 0.13125
9 0.5296875 0.9625 0.171875 0.075
9 0.45625 0.83984375 0.16875 0.1859375
9 0.41484375 0.66484375 0.1484375 0.2296875
9 0.1890625 0.8953125 0.115625 0.209375
9 0.10078125 0.78671875 0.0890625 0.2359375
9 0.0421875 0.6390625 0.084375 0.203125
9 0.1328125 0.5875 0.128125 0.21875
9 0.27421875 0.57890625 0.1484375 0.1578125
9 0.25546875 0.73125 0.1609375 0.2
9 0.0625 0.8140625 0.125 0.190625
1 0.8640625 0.7578125 0.271875 0.484375