2 0.1546875 0.278125 0.309375 0.55625
8 0.6390625 0.08125 0.165625 0.1625
0 0.7734375 0.0703125 0.140625 0.140625
0 0.68203125 0.18046875 0.1515625 0.2171875
0 0.8359375 0.15390625 0.165625 0.2390625
0 0.85625 0.2953125 0.15625 0.196875
3 0.4796875 0.1078125 0.221875 0.215625
3 0.4875 0.21796875 0.20625 0.2046875
3 0.46171875 0.29609375 0.2359375 0.2671875
3 0.49453125 0.43046875 0.2078125 0.2921875
9 0.5453125 0.0546875 0.153125 0.109375
4 0.63828125 0.25 0.1453125 0.20625
4 0.61875 0.3328125 0.1375 0.171875
4 0.74921875 0.29609375 0.1171875 0.1546875
4 0.59609375 0.43359375 0.0609375 0.1734375
4 0.709375 0.40859375 0.0625 0.1734375
9 0.2234375 0.7609375 0.171875 0.365625
9 0.1546875 0.83125 0.309375 0.3375
2 0.53125 0.7375 0.44375 0.31875