2 0.21875 0.259375 0.4375 0.51875
2 0.528125 0.259375 0.1625 0.51875
8 0.7890625 0.478125 0.078125 0.08125
5 0.80859375 0.28203125 0.0296875 0.0390625
1 0.74140625 0.32265625 0.0515625 0.0765625
1 0.7421875 0.29140625 0.046875 0.0578125
1 0.3984375 0.9015625 0.084375 0.115625
1 0.4421875 0.83828125 0.065625 0.0953125
5 0.5046875 0.88671875 0.046875 0.0609375
5 0.2421875 0.965625 0.059375 0.06875
5 0.4265625 0.79140625 0.040625 0.0390625
8 0.39140625 0.73515625 0.0640625 0.0828125
1 0.928125 0.728125 0.14375 0.41875
1 0.74375 0.7265625 0.26875 0.415625
1 0.875 0.86875 0.25 0.2625