2 0.1015625 0.1890625 0.203125 0.378125
2 0.3234375 0.1890625 0.190625 0.378125
1 0.928125 0.065625 0.14375 0.13125
1 0.925 0.253125 0.15 0.25
1 0.721875 0.2296875 0.225 0.296875
1 0.496875 0.25 0.15625 0.25625
1 0.2796875 0.5203125 0.278125 0.284375
1 0.075 0.6203125 0.15 0.346875
1 0.1953125 0.796875 0.209375 0.40625
1 0.321875 0.86875 0.19375 0.2625
5 0.7140625 0.9578125 0.053125 0.084375
5 0.71015625 0.81640625 0.0328125 0.0453125
8 0.65078125 0.7921875 0.0578125 0.071875
1 0.75546875 0.82265625 0.0484375 0.0765625
1 0.7828125 0.87734375 0.071875 0.0984375
5 0.82421875 0.83984375 0.0296875 0.0421875