2 0.371875 0.259375 0.6 0.51875
1 0.771875 0.259375 0.14375 0.51875
1 0.915625 0.259375 0.16875 0.51875
5 0.5484375 0.88046875 0.096875 0.1359375
1 0.15390625 0.82890625 0.1140625 0.2328125
8 0.4640625 0.9703125 0.115625 0.059375
11 0.0625 0.8484375 0.125 0.234375
10 0.64921875 0.80390625 0.0734375 0.1453125
8 0.490625 0.67890625 0.0375 0.0703125
7 0.5421875 0.6015625 0.009375 0.028125
7 0.5765625 0.59296875 0.015625 0.0234375
7 0.565625 0.62109375 0.0125 0.0234375
7 0.578125 0.65078125 0.0125 0.0265625
7 0.56640625 0.67421875 0.0078125 0.0234375
7 0.58828125 0.6625 0.0078125 0.0375
1 0.8046875 0.8234375 0.209375 0.353125