1 0.2359375 0.1109375 0.446875 0.221875
3 0.6515625 0.390625 0.384375 0.21875
8 0.9109375 0.040625 0.140625 0.08125
0 0.9265625 0.3265625 0.146875 0.246875
0 0.94375 0.1703125 0.1125 0.253125
5 0.284375 0.95 0.05 0.09375
5 0.1546875 0.9609375 0.065625 0.078125
5 0.23203125 0.946875 0.0515625 0.09375
1 0.0234375 0.8984375 0.046875 0.146875
1 0.0984375 0.87421875 0.090625 0.1484375
1 0.54609375 0.765625 0.0671875 0.1
1 0.603125 0.72890625 0.0875 0.1140625
5 0.68359375 0.75390625 0.0359375 0.0578125
5 0.70078125 0.728125 0.0453125 0.0625
5 0.73515625 0.71796875 0.0390625 0.0546875
8 0.8390625 0.64296875 0.059375 0.0921875