1 0.2265625 0.0984375 0.203125 0.196875
5 0.690625 0.109375 0.04375 0.0625
5 0.39453125 0.125 0.0515625 0.06875
1 0.5625 0.1015625 0.0875 0.115625
1 0.63359375 0.05703125 0.0609375 0.0953125
8 0.63125 0.0109375 0.075 0.021875
1 0.16015625 0.66328125 0.1140625 0.2328125
11 0.065625 0.6828125 0.13125 0.234375
8 0.46328125 0.64296875 0.1015625 0.1171875
5 0.60078125 0.58515625 0.0390625 0.0578125
5 0.63828125 0.58828125 0.0390625 0.0515625
1 0.834375 0.628125 0.075 0.1125
1 0.903125 0.6296875 0.06875 0.103125