5 0.1609375 0.50625 0.065625 0.075
1 0.2765625 0.4234375 0.046875 0.103125
1 0.28125 0.3515625 0.0375 0.065625
8 0.21953125 0.30234375 0.0703125 0.0796875
5 0.271875 0.33046875 0.03125 0.0546875
9 0.3546875 0.3890625 0.109375 0.159375
8 0.88828125 0.11875 0.1328125 0.14375
8 0.88515625 0.240625 0.1390625 0.16875
0 0.9125 0.503125 0.175 0.1125
0 0.9296875 0.4140625 0.140625 0.253125
2 0.36875 0.1828125 0.1375 0.365625
2 0.5453125 0.115625 0.421875 0.23125
1 0.15 0.809375 0.3 0.38125
1 0.6890625 0.7421875 0.496875 0.365625
1 0.3953125 0.7453125 0.190625 0.371875