1 0.34609375 0.4125 0.0671875 0.1
1 0.403125 0.37578125 0.0875 0.1140625
5 0.4765625 0.3984375 0.021875 0.059375
5 0.48125 0.375 0.0125 0.0625
9 0.8109375 0.4421875 0.134375 0.190625
9 0.95625 0.4703125 0.0875 0.134375
9 0.9203125 0.3171875 0.159375 0.184375
9 0.88359375 0.14296875 0.1484375 0.2296875
9 0.65859375 0.3953125 0.1171875 0.253125
9 0.56953125 0.26484375 0.0890625 0.2359375
9 0.5203125 0.1171875 0.065625 0.203125
9 0.6015625 0.0875 0.128125 0.175
9 0.7421875 0.0671875 0.146875 0.134375
9 0.72421875 0.209375 0.1609375 0.2
9 0.540625 0.2921875 0.10625 0.190625
8 0.3203125 0.84296875 0.078125 0.1109375
5 0.33984375 0.63203125 0.0296875 0.0390625
1 0.27265625 0.67265625 0.0515625 0.0765625
1 0.2734375 0.64140625 0.046875 0.0578125
9 0.74375 0.76875 0.5125 0.4625