5 0.3296875 0.503125 0.065625 0.075
1 0.440625 0.4203125 0.0375 0.103125
1 0.4453125 0.3484375 0.028125 0.065625
8 0.38828125 0.29921875 0.0703125 0.0796875
5 0.440625 0.32734375 0.03125 0.0546875
8 0.9890625 0.2046875 0.021875 0.109375
1 0.9671875 0.0359375 0.053125 0.071875
1 0.9703125 0.015625 0.046875 0.03125
1 0.2609375 0.78125 0.396875 0.425
1 0.9328125 0.8515625 0.134375 0.296875
10 0.56328125 0.8921875 0.0953125 0.153125
10 0.6828125 0.9375 0.090625 0.125
10 0.5875 0.8078125 0.09375 0.115625
10 0.68671875 0.79140625 0.0796875 0.1203125
10 0.54921875 0.7390625 0.0734375 0.109375
10 0.596875 0.6765625 0.0625 0.084375
10 0.6671875 0.6296875 0.065625 0.084375
10 0.67890625 0.70078125 0.0828125 0.0890625
4 0.6859375 0.6265625 0.365625 0.115625
4 0.8109375 0.6890625 0.178125 0.240625