5 0.4015625 0.428125 0.015625 0.0625
5 0.11953125 0.44375 0.0515625 0.06875
1 0.2875 0.4203125 0.0875 0.115625
1 0.35859375 0.37578125 0.0609375 0.0953125
8 0.35625 0.3015625 0.075 0.078125
1 0.665625 0.1703125 0.29375 0.340625
1 0.0609375 0.971875 0.065625 0.05625
5 0.0453125 0.94765625 0.040625 0.0390625
8 0.0203125 0.8890625 0.040625 0.084375
8 0.61953125 0.78046875 0.1015625 0.1171875
5 0.75703125 0.72265625 0.0390625 0.0578125
5 0.79453125 0.72578125 0.0390625 0.0515625
1 0.9765625 0.765625 0.046875 0.1125