5 0.42109375 0.35234375 0.0359375 0.0546875
5 0.03671875 0.32265625 0.0359375 0.0515625
1 0.15859375 0.28515625 0.0609375 0.0765625
5 0.08125 0.3078125 0.0375 0.053125
1 0.45 0.2734375 0.01875 0.096875
8 0.36953125 0.30234375 0.0578125 0.0984375
8 0.6125 0.2796875 0.30625 0.415625
8 0.8390625 0.3671875 0.321875 0.240625
1 0.178125 0.7109375 0.1 0.134375
1 0.0890625 0.7421875 0.103125 0.121875
5 0.30234375 0.73671875 0.0484375 0.0734375
5 0.346875 0.73515625 0.04375 0.0703125
5 0.24765625 0.7640625 0.0515625 0.071875