5 0.3625 0.28125 0.04375 0.0625
5 0.06640625 0.296875 0.0515625 0.06875
1 0.234375 0.2734375 0.0875 0.115625
1 0.30546875 0.22890625 0.0609375 0.0953125
8 0.303125 0.1546875 0.075 0.078125
1 0.7640625 0.46484375 0.090625 0.1046875
1 0.76640625 0.39453125 0.0703125 0.0640625
8 0.6890625 0.3421875 0.059375 0.078125
5 0.7375 0.37109375 0.03125 0.0546875
5 0.83671875 0.44296875 0.0421875 0.0734375
5 0.3203125 0.9671875 0.034375 0.065625
5 0.35625 0.9625 0.0375 0.05625
1 0.5484375 0.9578125 0.071875 0.084375
1 0.603125 0.9578125 0.06875 0.084375