5 0.35546875 0.2453125 0.0546875 0.084375
5 0.43515625 0.25078125 0.0703125 0.0953125
1 0.578125 0.28125 0.125 0.15625
8 0.9109375 0.1953125 0.178125 0.390625
10 0.190625 0.88125 0.19375 0.2375
10 0.3578125 0.946875 0.215625 0.10625
4 0.5453125 0.9515625 0.159375 0.096875
4 0.09375 0.6328125 0.1875 0.121875
4 0.0234375 0.7546875 0.046875 0.234375
10 0.2203125 0.6078125 0.121875 0.078125
10 0.2265625 0.7171875 0.109375 0.140625
1 0.34921875 0.7890625 0.1796875 0.246875
1 0.4953125 0.896875 0.146875 0.20625
6 0.421875 0.70625 0.11875 0.275
6 0.50625 0.7234375 0.175 0.309375
11 0.578125 0.684375 0.2 0.23125
11 0.6015625 0.640625 0.153125 0.14375
8 0.8390625 0.784375 0.321875 0.43125