8 0.3390625 0.5171875 0.115625 0.065625
8 0.5703125 0.3234375 0.065625 0.134375
5 0.63046875 0.22421875 0.0359375 0.0671875
5 0.665625 0.21875 0.0375 0.05625
1 0.86015625 0.22421875 0.0703125 0.1046875
1 0.9125 0.225 0.06875 0.10625
8 0.42578125 0.709375 0.1078125 0.125
5 0.471875 0.609375 0.03125 0.05
5 0.44453125 0.6171875 0.0328125 0.046875
5 0.9421875 0.9546875 0.046875 0.065625
5 0.9515625 0.9265625 0.053125 0.059375
5 0.9765625 0.91015625 0.040625 0.0578125
1 0.85390625 0.928125 0.0953125 0.1125
1 0.821875 0.959375 0.08125 0.08125