8 0.5859375 0.0296875 0.059375 0.059375
1 0.9921875 0.1453125 0.015625 0.103125
1 0.9328125 0.1140625 0.090625 0.109375
5 0.78984375 0.04140625 0.0421875 0.0453125
5 0.75390625 0.02421875 0.0328125 0.0484375
1 0.1046875 0.459375 0.209375 0.1625
1 0.3359375 0.4609375 0.228125 0.165625
1 0.4921875 0.7125 0.053125 0.30625
1 0.33125 0.9078125 0.225 0.184375
1 0.0921875 0.928125 0.184375 0.14375
8 0.703125 0.5859375 0.1125 0.134375
5 0.78671875 0.48671875 0.0359375 0.0671875
5 0.821875 0.48125 0.0375 0.05625
1 0.9890625 0.4859375 0.021875 0.103125