5 0.184375 0.07265625 0.05 0.0765625
8 0.1015625 0.025 0.090625 0.05
5 0.60859375 0.10078125 0.0546875 0.0703125
1 0.6984375 0.0390625 0.071875 0.078125
10 0.19140625 0.5515625 0.1953125 0.259375
10 0.3171875 0.80625 0.140625 0.3375
10 0.13671875 0.78359375 0.1984375 0.2484375
10 0.05 0.8921875 0.1 0.215625
10 0.334375 0.621875 0.10625 0.125
5 0.80625 0.83046875 0.03125 0.0421875
5 0.515625 0.78671875 0.03125 0.0421875
8 0.56640625 0.78984375 0.0453125 0.0609375
1 0.4078125 0.7859375 0.040625 0.065625
1 0.915625 0.87421875 0.05625 0.0734375