1 0.33671875 0.09765625 0.0734375 0.1015625
1 0.3828125 0.06171875 0.090625 0.1171875
5 0.465625 0.0828125 0.0375 0.053125
5 0.50703125 0.04140625 0.0328125 0.0515625
5 0.4796875 0.0578125 0.046875 0.065625
5 0.6671875 0.25625 0.034375 0.075
1 0.7890625 0.17421875 0.090625 0.1046875
1 0.79140625 0.10390625 0.0703125 0.0640625
8 0.71015625 0.05234375 0.0703125 0.0796875
5 0.7625 0.08046875 0.03125 0.0546875
5 0.86171875 0.15234375 0.0421875 0.0734375
5 0.134375 0.8375 0.04375 0.0625
1 0.025 0.8296875 0.05 0.115625
1 0.07734375 0.78515625 0.0609375 0.0953125
8 0.075 0.7109375 0.075 0.078125
1 0.953125 0.6109375 0.09375 0.303125
1 0.78359375 0.72109375 0.2671875 0.3484375
1 0.7734375 0.4796875 0.221875 0.084375
1 0.928125 0.846875 0.14375 0.30625