5 0.12890625 0.4734375 0.0515625 0.065625
1 0.26328125 0.4265625 0.0703125 0.115625
1 0.3078125 0.3890625 0.059375 0.090625
8 0.26015625 0.321875 0.0578125 0.06875
5 0.36796875 0.428125 0.0359375 0.05625
9 0.946875 0.5140625 0.10625 0.128125
9 0.86328125 0.44609375 0.0890625 0.2359375
9 0.79375 0.2984375 0.10625 0.203125
9 0.89765625 0.24765625 0.1265625 0.2203125
9 0.98125 0.2359375 0.0375 0.159375
9 0.96875 0.390625 0.0625 0.2
9 0.815625 0.47421875 0.14375 0.1921875
2 0.2765625 0.8015625 0.521875 0.396875
1 0.6921875 0.7890625 0.309375 0.421875