5 0.4078125 0.025 0.040625 0.05
5 0.4578125 0.05234375 0.046875 0.0671875
8 0.26484375 0.14453125 0.1296875 0.1453125
1 0.9765625 0.1359375 0.046875 0.103125
1 0.9015625 0.1046875 0.090625 0.109375
5 0.75859375 0.03203125 0.0421875 0.0453125
5 0.7203125 0.01875 0.034375 0.0375
1 0.15859375 0.6875 0.0671875 0.1
1 0.215625 0.65078125 0.0875 0.1140625
5 0.29609375 0.67578125 0.0359375 0.0578125
5 0.31328125 0.65 0.0453125 0.0625
5 0.34765625 0.63984375 0.0390625 0.0546875
8 0.4515625 0.56484375 0.059375 0.0921875
1 0.740625 0.53125 0.30625 0.2625
1 0.875 0.6859375 0.25 0.459375
1 0.653125 0.7140625 0.13125 0.471875