5 0.33984375 0.3921875 0.0296875 0.046875
5 0.446875 0.44140625 0.025 0.0453125
1 0.37890625 0.45234375 0.0703125 0.0921875
1 0.3796875 0.3953125 0.059375 0.065625
8 0.28828125 0.36171875 0.0515625 0.0796875
9 0.6640625 0.25 0.190625 0.5
9 0.4484375 0.884375 0.134375 0.23125
9 0.5234375 0.7390625 0.090625 0.184375
9 0.5078125 0.5890625 0.121875 0.178125
9 0.29609375 0.8171875 0.1171875 0.253125
9 0.20703125 0.68671875 0.0890625 0.2359375
9 0.1375 0.5703125 0.10625 0.140625
9 0.2390625 0.5484375 0.128125 0.096875
9 0.3796875 0.528125 0.146875 0.05625
9 0.36171875 0.63125 0.1609375 0.2
9 0.159375 0.71484375 0.14375 0.1921875
5 0.95703125 0.621875 0.0390625 0.05625
1 0.74375 0.59765625 0.0625 0.0953125
1 0.7984375 0.5875 0.053125 0.1