1 0.384375 0.4265625 0.03125 0.115625
1 0.3234375 0.40625 0.090625 0.1125
5 0.15546875 0.33125 0.0421875 0.05625
5 0.1171875 0.31796875 0.028125 0.0609375
1 0.93125 0.203125 0.1375 0.40625
1 0.6828125 0.1375 0.346875 0.275
1 0.646875 0.3828125 0.43125 0.253125
1 0.3078125 0.60625 0.184375 0.19375
1 0.1125 0.671875 0.225 0.325
8 0.428125 0.8953125 0.05625 0.096875
1 0.8578125 0.9890625 0.065625 0.021875
1 0.7734375 0.971875 0.090625 0.05625
5 0.63046875 0.92578125 0.0421875 0.0453125
5 0.59453125 0.90859375 0.0328125 0.0484375