5 0.146875 0.26796875 0.13125 0.1671875
5 0.0609375 0.2859375 0.121875 0.146875
8 0.3625 0.1515625 0.1125 0.303125
5 0.5140625 0.278125 0.159375 0.1625
5 0.459375 0.3125 0.08125 0.09375
8 0.7515625 0.1390625 0.228125 0.278125
1 0.1 0.55625 0.2 0.39375
1 0.3140625 0.46875 0.209375 0.21875
1 0.3 0.7015625 0.2375 0.346875
1 0.1 0.8625 0.2 0.275
5 0.6890625 0.46875 0.046875 0.0625
1 0.6328125 0.50546875 0.078125 0.1171875
5 0.70234375 0.64140625 0.0421875 0.0640625
5 0.6734375 0.68984375 0.046875 0.0734375