5 0.225 0.3484375 0.05 0.021875
5 0.284375 0.3390625 0.05625 0.040625
5 0.39921875 0.203125 0.0421875 0.06875
1 0.3078125 0.21796875 0.084375 0.1171875
5 0.6203125 0.1171875 0.034375 0.046875
5 0.95859375 0.11015625 0.0359375 0.0515625
5 0.64453125 0.1109375 0.0203125 0.034375
1 0.72109375 0.0765625 0.0484375 0.071875
1 0.98125 0.040625 0.0375 0.08125
8 0.90546875 0.06328125 0.0484375 0.0703125
8 0.296875 0.7640625 0.3375 0.440625
2 0.6046875 0.64375 0.190625 0.56875
2 0.846875 0.5578125 0.30625 0.396875
2 0.7640625 0.7390625 0.346875 0.521875
2 0.9609375 0.775 0.078125 0.4