1 0.3296875 0.2796875 0.084375 0.115625
1 0.3734375 0.21640625 0.065625 0.0953125
5 0.4359375 0.26484375 0.046875 0.0609375
5 0.1734375 0.34921875 0.059375 0.0796875
5 0.3578125 0.16953125 0.040625 0.0390625
8 0.32265625 0.11328125 0.0640625 0.0828125
2 0.7234375 0.234375 0.328125 0.46875
1 0.32734375 0.56484375 0.0734375 0.1109375
1 0.3875 0.525 0.0875 0.1125
5 0.47421875 0.55546875 0.0421875 0.0546875
5 0.5328125 0.52109375 0.040625 0.0546875
5 0.49765625 0.52890625 0.0453125 0.0578125
8 0.7921875 0.9328125 0.115625 0.134375