8 0.28359375 0.203125 0.0796875 0.11875
1 0.3234375 0.04296875 0.053125 0.0796875
1 0.3421875 0.028125 0.028125 0.05625
5 0.4171875 0.025 0.034375 0.05
8 0.5859375 0.015625 0.046875 0.03125
5 0.1859375 0.7234375 0.046875 0.065625
1 0.3421875 0.71640625 0.084375 0.1140625
1 0.42265625 0.684375 0.0765625 0.0875
5 0.465625 0.7453125 0.04375 0.065625
8 0.4359375 0.61328125 0.071875 0.0828125
2 0.746875 0.5296875 0.2375 0.121875
0 0.6 0.55625 0.16875 0.175
3 0.69765625 0.6671875 0.0828125 0.259375
9 0.771875 0.62109375 0.075 0.1296875
9 0.8390625 0.60703125 0.084375 0.1390625
9 0.79453125 0.72890625 0.1328125 0.1828125
8 0.60703125 0.65703125 0.1265625 0.1765625
7 0.53125 0.709375 0.0875 0.15