5 0.0140625 0.1953125 0.028125 0.071875
5 0.46640625 0.08984375 0.0515625 0.0671875
1 0.1046875 0.1171875 0.090625 0.121875
8 0.3703125 0.05625 0.084375 0.1125
1 0.4578125 0.0125 0.065625 0.025
5 0.90234375 0.3796875 0.0546875 0.084375
5 0.971875 0.3828125 0.05625 0.096875
5 0.565625 0.6796875 0.04375 0.040625
5 0.503125 0.89375 0.05625 0.08125
5 0.5484375 0.85078125 0.053125 0.0765625
1 0.4984375 0.7078125 0.071875 0.096875
5 0.6296875 0.759375 0.046875 0.0625
1 0.6 0.7953125 0.025 0.115625
5 0.64296875 0.93203125 0.0421875 0.0640625
5 0.6140625 0.971875 0.046875 0.05625