9 0.1015625 0.19375 0.203125 0.3875
9 0.325 0.1453125 0.325 0.290625
9 0.459375 0.075 0.11875 0.15
9 0.3453125 0.325 0.346875 0.125
4 0.8953125 0.19375 0.209375 0.3875
4 0.7828125 0.19375 0.434375 0.3875
4 0.7265625 0.1078125 0.415625 0.215625
8 0.1703125 0.5328125 0.184375 0.146875
3 0.31953125 0.5828125 0.0953125 0.090625
8 0.4578125 0.5578125 0.121875 0.115625
10 0.875 0.95 0.09375 0.1
10 0.946875 0.8796875 0.10625 0.240625
10 0.8203125 0.85625 0.115625 0.2125
10 0.8984375 0.74765625 0.096875 0.2078125