10 0.23125 0.1359375 0.19375 0.271875
10 0.3984375 0.26328125 0.215625 0.2703125
4 0.04375 0.0515625 0.0875 0.103125
1 0.3890625 0.071875 0.178125 0.14375
1 0.4953125 0.1421875 0.065625 0.234375
6 0.4625 0.0375 0.11875 0.075
5 0.79609375 0.075 0.0296875 0.04375
8 0.83046875 0.0921875 0.0484375 0.065625
1 0.70859375 0.0390625 0.0546875 0.059375
5 0.521875 0.928125 0.0125 0.0875
5 0.503125 0.9765625 0.05 0.046875
1 0.8328125 0.9109375 0.334375 0.178125
10 0.8609375 0.51875 0.196875 0.1375
10 0.959375 0.7125 0.08125 0.3375
10 0.80859375 0.68984375 0.1984375 0.2484375
10 0.70078125 0.7984375 0.1453125 0.215625
10 0.9765625 0.528125 0.046875 0.125