10 0.146875 0.1671875 0.19375 0.278125
10 0.3140625 0.29765625 0.215625 0.2703125
4 0.4453125 0.31875 0.046875 0.3
10 0.1828125 0.0265625 0.109375 0.053125
1 0.3046875 0.0890625 0.178125 0.178125
1 0.4234375 0.1765625 0.090625 0.234375
6 0.378125 0.0546875 0.11875 0.109375
6 0.421875 0.071875 0.09375 0.14375
8 0.7109375 0.196875 0.390625 0.39375
8 0.1546875 0.625 0.309375 0.3125
8 0.18125 0.8046875 0.3625 0.390625
8 0.3734375 0.7015625 0.190625 0.465625
1 0.553125 0.571875 0.16875 0.20625
1 0.5375 0.8203125 0.1375 0.321875
1 0.94375 0.921875 0.1125 0.15625