10 0.278125 0.6640625 0.19375 0.278125
10 0.4453125 0.79453125 0.215625 0.2703125
4 0.6328125 0.828125 0.159375 0.325
4 0.2171875 0.25078125 0.078125 0.2328125
4 0.1609375 0.39609375 0.228125 0.1234375
4 0.06796875 0.5171875 0.1359375 0.234375
10 0.3125 0.21796875 0.1125 0.1359375
10 0.3078125 0.3375 0.121875 0.14375
10 0.3140625 0.4796875 0.109375 0.140625
10 0.36953125 0.096875 0.0890625 0.10625
1 0.43671875 0.5515625 0.1796875 0.246875
1 0.58359375 0.67578125 0.1484375 0.2328125
6 0.509375 0.42578125 0.11875 0.3640625
6 0.59375 0.45859375 0.175 0.3671875
11 0.67265625 0.41640625 0.2078125 0.2953125
11 0.721875 0.37265625 0.21875 0.2078125
1 0.9484375 0.6578125 0.103125 0.271875