10 0.2 0.3703125 0.19375 0.215625
10 0.3671875 0.4359375 0.215625 0.084375
4 0.1390625 0.0515625 0.078125 0.103125
4 0.0984375 0.1328125 0.196875 0.121875
4 0.028125 0.2546875 0.05625 0.234375
10 0.2296875 0.075 0.121875 0.14375
10 0.2359375 0.2171875 0.109375 0.140625
1 0.35859375 0.2890625 0.1796875 0.246875
1 0.465625 0.3859375 0.06875 0.184375
6 0.43125 0.171875 0.11875 0.34375
6 0.4640625 0.1953125 0.071875 0.365625
8 0.7828125 0.2734375 0.303125 0.409375
5 0.6484375 0.921875 0.046875 0.0625
1 0.5921875 0.95 0.078125 0.1