3 0.6078125 0.2359375 0.321875 0.228125
3 0.5390625 0.1140625 0.240625 0.228125
4 0.09375 0.640625 0.1875 0.5375
4 0.215625 0.6109375 0.40625 0.284375
8 0.5078125 0.5984375 0.178125 0.303125
3 0.596875 0.7453125 0.35625 0.159375
3 0.6609375 0.8546875 0.484375 0.171875
3 0.628125 0.9390625 0.39375 0.121875
7 0.834375 0.96875 0.0875 0.0625
7 0.9734375 0.9296875 0.053125 0.121875
7 0.875 0.9390625 0.075 0.109375
7 0.9484375 0.9453125 0.053125 0.109375
1 0.9171875 0.6390625 0.165625 0.359375
1 0.7046875 0.63203125 0.240625 0.3015625