10 0.0609375 0.8390625 0.121875 0.271875
4 0.2015625 0.85625 0.159375 0.2875
1 0.046875 0.5984375 0.09375 0.246875
1 0.15234375 0.72265625 0.1484375 0.2328125
6 0.078125 0.48125 0.11875 0.34375
6 0.1625 0.50546875 0.175 0.3671875
11 0.24140625 0.46328125 0.2078125 0.2953125
11 0.290625 0.41953125 0.21875 0.2078125
5 0.5734375 0.6328125 0.034375 0.046875
5 0.91171875 0.62578125 0.0359375 0.0515625
5 0.59765625 0.6265625 0.0203125 0.034375
1 0.67421875 0.5921875 0.0484375 0.071875
1 0.94453125 0.55625 0.0515625 0.08125
8 0.85859375 0.57890625 0.0484375 0.0703125