8 0.1203125 0.3109375 0.240625 0.434375
8 0.3375 0.2921875 0.34375 0.471875
2 0.6796875 0.084375 0.259375 0.16875
2 0.8953125 0.1171875 0.209375 0.234375
2 0.6234375 0.296875 0.228125 0.4625
2 0.865625 0.3484375 0.26875 0.359375
9 0.3359375 0.921875 0.209375 0.15625
9 0.1140625 0.9515625 0.203125 0.096875
9 0.13359375 0.64609375 0.2046875 0.2046875
9 0.2796875 0.5953125 0.178125 0.134375
9 0.05625 0.575 0.1125 0.09375
9 0.45 0.840625 0.11875 0.1875
9 0.31171875 0.7671875 0.2046875 0.184375
9 0.15546875 0.83359375 0.1921875 0.1421875
9 0.0359375 0.909375 0.071875 0.18125