8 0.3734375 0.2984375 0.490625 0.378125
6 0.75625 0.24375 0.275 0.4875
6 0.83125 0.246875 0.3375 0.48125
10 0.1859375 0.53125 0.203125 0.0875
3 0.4171875 0.603125 0.284375 0.23125
3 0.3109375 0.5640625 0.221875 0.153125
9 0.55625 0.5515625 0.125 0.128125
9 0.5640625 0.7796875 0.109375 0.209375
8 0.4390625 0.70390625 0.215625 0.2890625
8 0.3171875 0.8515625 0.290625 0.296875
7 0.51953125 0.90390625 0.1453125 0.1015625
7 0.525 0.965625 0.15 0.06875
1 0.10625 0.8875 0.2125 0.225
1 0.16015625 0.6890625 0.1453125 0.278125
8 0.734375 0.7453125 0.23125 0.415625
8 0.928125 0.740625 0.14375 0.45