8 0.1296875 0.2296875 0.259375 0.440625
1 0.603125 0.39375 0.1375 0.1125
1 0.728125 0.36875 0.13125 0.1625
10 0.65390625 0.159375 0.0515625 0.1
10 0.74921875 0.1015625 0.0546875 0.084375
10 0.74375 0.2203125 0.04375 0.059375
10 0.7015625 0.2375 0.046875 0.075
10 0.6578125 0.24375 0.046875 0.05625
10 0.696875 0.165625 0.04375 0.075
1 0.0578125 0.6953125 0.115625 0.321875
1 0.171875 0.61328125 0.13125 0.2515625
10 0.1453125 0.4609375 0.046875 0.021875
10 0.1015625 0.459375 0.046875 0.01875
0 0.9046875 0.7421875 0.190625 0.240625
0 0.7484375 0.91875 0.196875 0.1625
0 0.959375 0.91875 0.08125 0.1625