4 0.159375 0.1296875 0.31875 0.171875
4 0.14375 0.0859375 0.2875 0.159375
4 0.1546875 0.2140625 0.309375 0.153125
4 0.23984375 0.25390625 0.2234375 0.1578125
4 0.03671875 0.39375 0.0609375 0.075
4 0.06796875 0.36640625 0.0546875 0.0703125
4 0.096875 0.346875 0.05 0.075
4 0.11640625 0.32734375 0.0515625 0.0671875
2 0.7796875 0.29375 0.440625 0.5875
4 0.2796875 0.765625 0.559375 0.3
4 0.1234375 0.9390625 0.246875 0.121875
4 0.2515625 0.9578125 0.359375 0.084375
4 0.7796875 0.7640625 0.440625 0.353125