4 0.215625 0.184375 0.43125 0.36875
4 0.284375 0.184375 0.56875 0.36875
4 0.1984375 0.8890625 0.396875 0.221875
4 0.36171875 0.81484375 0.5171875 0.3421875
4 0.528125 0.7578125 0.48125 0.309375
4 0.0859375 0.68125 0.171875 0.325
4 0.603125 0.6203125 0.33125 0.446875
4 0.6765625 0.540625 0.184375 0.34375
4 0.0765625 0.5390625 0.153125 0.309375
4 0.2765625 0.5109375 0.353125 0.284375
4 0.4375 0.553125 0.3125 0.36875
4 0.93125 0.578125 0.1375 0.41875
4 0.884375 0.796875 0.23125 0.40625
4 0.853125 0.5734375 0.16875 0.396875