4 0.3546875 0.253125 0.709375 0.50625
4 0.5859375 0.2609375 0.246875 0.409375
4 0.31640625 0.36328125 0.2265625 0.2640625
4 0.1046875 0.58125 0.209375 0.25
4 0.396875 0.5640625 0.225 0.265625
4 0.4796875 0.38671875 0.140625 0.2984375
4 0.221875 0.596875 0.21875 0.24375
4 0.8546875 0.065625 0.290625 0.13125
4 0.8546875 0.1953125 0.290625 0.159375
4 0.8546875 0.3359375 0.290625 0.146875
4 0.8546875 0.4765625 0.290625 0.146875
4 0.8546875 0.6171875 0.290625 0.153125
4 0.5515625 0.8234375 0.171875 0.209375
4 0.3296875 0.8796875 0.134375 0.240625
4 0.4390625 0.83125 0.134375 0.225
4 0.934375 0.934375 0.13125 0.13125
4 0.80625 0.9203125 0.19375 0.159375