3 0.29453125 0.6921875 0.2765625 0.309375
9 0.42421875 0.6328125 0.1484375 0.190625
9 0.56640625 0.746875 0.2078125 0.19375
9 0.5578125 0.58984375 0.153125 0.1859375
9 0.7109375 0.684375 0.178125 0.21875
8 0.725 0.86484375 0.1375 0.2171875
8 0.86875 0.83203125 0.14375 0.2640625
4 0.17265625 0.346875 0.2078125 0.26875
4 0.1078125 0.4171875 0.215625 0.240625
0 0.83203125 0.55859375 0.1640625 0.2109375
0 0.8203125 0.4296875 0.153125 0.196875
0 0.69453125 0.36640625 0.1265625 0.1703125
0 0.7 0.49765625 0.14375 0.1953125