0 0.0609375 0.396875 0.121875 0.30625
0 0.2453125 0.4875 0.384375 0.125
0 0.5921875 0.5015625 0.128125 0.096875
0 0.559375 0.3828125 0.0625 0.146875
0 0.6328125 0.296875 0.190625 0.1375
0 0.7875 0.41640625 0.21875 0.1515625
0 0.8140625 0.22890625 0.203125 0.1703125
0 0.940625 0.1515625 0.11875 0.128125
0 0.9515625 0.3046875 0.096875 0.165625
4 0.3640625 0.7921875 0.328125 0.171875
4 0.32734375 0.7484375 0.3796875 0.159375
4 0.3625 0.8765625 0.33125 0.153125
4 0.4421875 0.9140625 0.171875 0.159375
4 0.325 0.9859375 0.05 0.028125
4 0.3421875 0.978125 0.053125 0.04375