4 0.3515625 0.3265625 0.271875 0.653125
4 0.3140625 0.5734375 0.446875 0.228125
4 0.284375 0.1640625 0.2625 0.328125
4 0.1296875 0.2140625 0.259375 0.428125
4 0.1453125 0.4390625 0.290625 0.396875
4 0.1546875 0.075 0.309375 0.15
4 0.5171875 0.1703125 0.084375 0.315625
4 0.415625 0.31484375 0.14375 0.5484375
4 0.7796875 0.2609375 0.440625 0.521875
0 0.065625 0.86875 0.13125 0.2625
0 0.3890625 0.865625 0.221875 0.26875
6 0.8265625 0.71875 0.346875 0.0625
6 0.8375 0.7984375 0.325 0.128125
6 0.7796875 0.8640625 0.440625 0.184375