4 0.42421875 0.3765625 0.2734375 0.753125
4 0.68671875 0.6921875 0.1734375 0.615625
4 0.38828125 0.7796875 0.4453125 0.440625
4 0.8625 0.1890625 0.275 0.303125
4 0.85703125 0.675 0.2828125 0.30625
4 0.35625 0.21484375 0.2625 0.4296875
4 0.165625 0.3140625 0.33125 0.428125
4 0.1984375 0.54140625 0.328125 0.3953125
4 0.190625 0.125 0.38125 0.25
4 0.603125 0.2703125 0.1125 0.315625
4 0.4875 0.41484375 0.14375 0.5484375
4 0.88515625 0.34921875 0.2265625 0.3484375
4 0.8390625 0.0859375 0.321875 0.171875