0 0.1265625 0.1421875 0.253125 0.284375
0 0.3890625 0.14375 0.159375 0.2875
0 0.2953125 0.2984375 0.253125 0.278125
0 0.0875 0.359375 0.175 0.15625
5 0.8765625 0.05 0.078125 0.1
8 0.2328125 0.8875 0.465625 0.225
8 0.2828125 0.7375 0.371875 0.525
3 0.93125 0.65625 0.1375 0.36875
8 0.584375 0.64609375 0.2125 0.1609375
2 0.7953125 0.61640625 0.321875 0.2640625
0 0.65546875 0.815625 0.2296875 0.21875
10 0.77109375 0.79453125 0.1984375 0.1578125
9 0.815625 0.909375 0.2125 0.1375
9 0.90625 0.79375 0.1625 0.15
8 0.8984375 0.98125 0.203125 0.0375
7 0.5375 0.9859375 0.125 0.028125