4 0.1890625 0.0859375 0.378125 0.121875
10 0.9125 0.2359375 0.175 0.165625
7 0.325 0.390625 0.10625 0.10625
7 0.28359375 0.515625 0.1796875 0.18125
7 0.1265625 0.52109375 0.171875 0.1796875
7 0.353125 0.5609375 0.05 0.165625
7 0.05 0.6421875 0.1 0.165625
7 0.2046875 0.67421875 0.190625 0.1796875
7 0.3546875 0.878125 0.046875 0.2
0 0.7546875 0.45625 0.296875 0.2375
0 0.53359375 0.7296875 0.2921875 0.403125
0 0.834375 0.76328125 0.29375 0.4265625
0 0.671875 0.9390625 0.19375 0.121875
0 0.9171875 0.9109375 0.165625 0.178125