4 0.1609375 0.5546875 0.265625 0.109375
4 0.0375 0.35 0.075 0.45625
4 0.1453125 0.2828125 0.290625 0.303125
4 0.2296875 0.4640625 0.259375 0.190625
4 0.28125 0.20625 0.15625 0.4125
2 0.6234375 0.209375 0.515625 0.41875
4 0.1890625 0.7078125 0.340625 0.159375
4 0.1796875 0.8484375 0.359375 0.146875
4 0.1796875 0.9578125 0.359375 0.084375
4 0.4515625 0.8046875 0.184375 0.390625
4 0.65 0.7796875 0.20625 0.340625
4 0.8078125 0.8046875 0.184375 0.390625
4 0.953125 0.8046875 0.09375 0.390625
4 0.5984375 0.8484375 0.153125 0.303125