4 0.3109375 0.4625 0.615625 0.23125
4 0.3765625 0.2375 0.484375 0.475
4 0.3203125 0.2734375 0.596875 0.315625
11 0.809375 0.325 0.38125 0.50625
8 0.584375 0.7203125 0.06875 0.184375
10 0.5671875 0.7578125 0.053125 0.090625
10 0.4796875 0.83515625 0.053125 0.1015625
10 0.54296875 0.83515625 0.0609375 0.0953125
10 0.43671875 0.77265625 0.0546875 0.0765625
10 0.52109375 0.66953125 0.0609375 0.0953125
10 0.3484375 0.60625 0.059375 0.05625
7 0.4390625 0.9671875 0.071875 0.065625
7 0.3578125 0.9765625 0.040625 0.046875
1 0.86875 0.7890625 0.2625 0.421875