4 0.3296875 0.175 0.659375 0.35
4 0.9328125 0.2953125 0.134375 0.171875
4 0.9015625 0.2515625 0.196875 0.159375
4 0.93125 0.3796875 0.1375 0.153125
4 0.9296875 0.540625 0.059375 0.0375
4 0.9609375 0.5265625 0.053125 0.065625
4 0.9828125 0.5125 0.034375 0.075
4 0.990625 0.4921875 0.01875 0.065625
4 0.0375 0.7796875 0.075 0.440625
4 0.18125 0.684375 0.20625 0.25
4 0.3390625 0.7484375 0.184375 0.378125
4 0.5484375 0.75625 0.221875 0.39375
4 0.1296875 0.7796875 0.153125 0.440625
0 0.8609375 0.8484375 0.278125 0.303125