4 0.29375 0.33125 0.53125 0.35625
4 0.390625 0.2453125 0.3375 0.409375
4 0.31875 0.4203125 0.48125 0.178125
4 0.58125 0.2109375 0.04375 0.234375
4 0.590625 0.3578125 0.0625 0.121875
10 0.659375 0.18046875 0.1125 0.1359375
10 0.6546875 0.3 0.121875 0.14375
10 0.6609375 0.440625 0.109375 0.1375
10 0.71640625 0.059375 0.0890625 0.10625
1 0.7828125 0.45 0.178125 0.11875
6 0.85625 0.35625 0.11875 0.30625
6 0.9265625 0.3734375 0.146875 0.271875
11 0.95625 0.36875 0.0875 0.28125
5 0.4390625 0.58515625 0.046875 0.0640625
1 0.37265625 0.621875 0.0828125 0.11875
5 0.38515625 0.8109375 0.0453125 0.065625
5 0.4296875 0.76796875 0.046875 0.0671875
5 0.69921875 0.80625 0.0296875 0.04375
8 0.73359375 0.8234375 0.0484375 0.065625
5 0.91875 0.9453125 0.0375 0.046875
1 0.61171875 0.7703125 0.0546875 0.059375