4 0.259375 0.2328125 0.2375 0.390625
4 0.1453125 0.1375 0.140625 0.275
4 0.7296875 0.1046875 0.540625 0.209375
4 0.9 0.084375 0.2 0.16875
4 0.6515625 0.0984375 0.228125 0.196875
4 0.503125 0.284375 0.0875 0.25
4 0.734375 0.2671875 0.225 0.265625
4 0.8171875 0.11875 0.140625 0.2375
4 0.5640625 0.303125 0.209375 0.25
4 0.0109375 0.85625 0.021875 0.1625
4 0.053125 0.82265625 0.075 0.1703125
4 0.0328125 0.6890625 0.065625 0.109375
4 0.6921875 0.6265625 0.465625 0.396875
4 0.7296875 0.7140625 0.540625 0.571875