0 0.046875 0.1546875 0.09375 0.134375
0 0.046875 0.0453125 0.09375 0.090625
0 0.2109375 0.08359375 0.165625 0.1046875
0 0.1359375 0.1578125 0.103125 0.128125
0 0.10078125 0.30234375 0.1140625 0.1109375
4 0.66875 0.2953125 0.6625 0.409375
4 0.14375 0.75 0.2875 0.5
4 0.6078125 0.9140625 0.528125 0.171875
4 0.7890625 0.846875 0.421875 0.30625
4 0.88125 0.8078125 0.2375 0.309375
4 0.4921875 0.73125 0.309375 0.325
4 0.5140625 0.621875 0.228125 0.24375
4 0.7515625 0.6015625 0.353125 0.203125
4 0.878125 0.64375 0.24375 0.2875