4 0.2 0.1046875 0.3 0.146875
4 0.2921875 0.0890625 0.115625 0.178125
4 0.059375 0.0890625 0.11875 0.178125
4 0.2890625 0.0625 0.121875 0.125
4 0.7203125 0.0890625 0.246875 0.178125
4 0.25390625 0.759375 0.0828125 0.1625
4 0.31875 0.7234375 0.0625 0.171875
4 0.13203125 0.63984375 0.0703125 0.1671875
4 0.2109375 0.73984375 0.084375 0.1671875
4 0.29140625 0.5921875 0.0953125 0.109375
0 0.4234375 0.7109375 0.146875 0.384375
0 0.684375 0.76953125 0.40625 0.4390625
0 0.725 0.4828125 0.4875 0.484375
0 0.4375 0.4515625 0.175 0.234375