4 0.246875 0.065625 0.30625 0.13125
4 0.315625 0.2796875 0.16875 0.221875
4 0.1421875 0.1859375 0.284375 0.146875
4 0.1125 0.4171875 0.225 0.184375
4 0.7109375 0.259375 0.578125 0.51875
4 0.85703125 0.37578125 0.2265625 0.2640625
4 0.634375 0.49375 0.23125 0.05
4 0.9125 0.48125 0.175 0.075
4 0.975 0.384375 0.05 0.26875
9 0.0859375 0.840625 0.171875 0.19375
9 0.06875 0.6828125 0.1375 0.184375
9 0.2140625 0.778125 0.178125 0.21875
8 0.228125 0.925 0.1375 0.15
8 0.35 0.8953125 0.1 0.209375
0 0.325 0.6515625 0.15 0.209375
0 0.3234375 0.5703125 0.153125 0.103125
0 0.203125 0.603125 0.14375 0.16875
0 0.6046875 0.653125 0.353125 0.26875
0 0.875 0.7296875 0.25 0.384375