4 0.1859375 0.4265625 0.371875 0.203125
4 0.3359375 0.359375 0.515625 0.3375
4 0.4609375 0.3046875 0.396875 0.309375
4 0.0734375 0.228125 0.146875 0.325
4 0.5359375 0.1953125 0.246875 0.390625
4 0.609375 0.1296875 0.1 0.259375
4 0.0640625 0.1203125 0.128125 0.240625
4 0.2515625 0.1 0.353125 0.2
4 0.4125 0.1421875 0.3125 0.284375
2 0.8109375 0.1484375 0.196875 0.165625
8 0.8296875 0.315625 0.340625 0.425
0 0.29375 0.6625 0.275 0.26875
0 0.5515625 0.6515625 0.215625 0.246875
0 0.5078125 0.8734375 0.265625 0.253125