4 0.4515625 0.1703125 0.184375 0.340625
4 0.5421875 0.2171875 0.153125 0.434375
4 0.065625 0.2921875 0.13125 0.290625
4 0.1734375 0.296875 0.346875 0.28125
4 0.2921875 0.415625 0.271875 0.04375
4 0.3953125 0.21875 0.271875 0.4375
0 0.640625 0.1984375 0.04375 0.346875
0 0.7390625 0.10234375 0.128125 0.1546875
0 0.80546875 0.28046875 0.1234375 0.2046875
0 0.921875 0.3296875 0.15625 0.215625
0 0.7234375 0.371875 0.209375 0.13125
4 0.1734375 0.68125 0.346875 0.4875
4 0.6984375 0.71875 0.159375 0.5625
4 0.8484375 0.71875 0.303125 0.5625
4 0.959375 0.71875 0.08125 0.5625