4 0.06875 0.0921875 0.1375 0.184375
5 0.7734375 0.125 0.453125 0.25
9 0.425 0.91875 0.125 0.1625
9 0.325 0.9640625 0.15625 0.071875
9 0.1890625 0.9875 0.134375 0.025
9 0.1796875 0.9234375 0.184375 0.153125
9 0.1421875 0.7703125 0.209375 0.178125
9 0.2828125 0.65625 0.203125 0.2
9 0.434375 0.5796875 0.10625 0.203125
9 0.3578125 0.503125 0.209375 0.10625
9 0.1546875 0.5921875 0.178125 0.184375
9 0.0421875 0.7046875 0.084375 0.215625
9 0.05625 0.8859375 0.1125 0.165625
9 0.4484375 0.7671875 0.078125 0.140625
9 0.32734375 0.85703125 0.1921875 0.2015625