2 0.421875 0.2390625 0.3125 0.359375
10 0.18203125 0.2328125 0.1015625 0.084375
10 0.20390625 0.31171875 0.1015625 0.0921875
10 0.28046875 0.26796875 0.1046875 0.0859375
8 0.7890625 0.209375 0.421875 0.41875
8 0.771875 0.134375 0.3875 0.26875
6 0.24609375 0.7109375 0.4421875 0.571875
6 0.165625 0.575 0.33125 0.3125
6 0.1265625 0.496875 0.253125 0.15625
6 0.3796875 0.6671875 0.234375 0.496875
3 0.7875 0.9453125 0.23125 0.109375
3 0.871875 0.953125 0.2125 0.09375
2 0.859375 0.7203125 0.28125 0.315625
4 0.8203125 0.8515625 0.359375 0.296875