1 0.2890625 0.2109375 0.459375 0.234375
11 0.26015625 0.9078125 0.5078125 0.165625
10 0.1515625 0.3484375 0.115625 0.040625
10 0.2453125 0.3984375 0.096875 0.071875
10 0.36796875 0.36953125 0.0859375 0.0640625
10 0.0984375 0.37109375 0.090625 0.0859375
10 0.2484375 0.44609375 0.109375 0.0671875
10 0.31328125 0.4265625 0.0890625 0.084375
1 0.22890625 0.653125 0.2640625 0.2375
3 0.35234375 0.70703125 0.3421875 0.1640625
3 0.37421875 0.76015625 0.3171875 0.1390625
1 0.7921875 0.4 0.334375 0.14375
4 0.7671875 0.6890625 0.415625 0.621875