2 0.21875 0.2984375 0.4375 0.578125
3 0.61953125 0.3765625 0.2765625 0.309375
9 0.74921875 0.3171875 0.1484375 0.190625
9 0.89140625 0.43125 0.2078125 0.19375
9 0.8828125 0.27421875 0.153125 0.1859375
9 0.9734375 0.36875 0.053125 0.21875
4 0.51875 0.0828125 0.1625 0.165625
4 0.4890625 0.1109375 0.103125 0.221875
0 0.9765625 0.0671875 0.046875 0.134375
0 0.9765625 0.1796875 0.046875 0.196875
4 0.7640625 0.675 0.471875 0.175
4 0.8546875 0.8609375 0.290625 0.278125
4 0.621875 0.6671875 0.36875 0.159375
4 0.5234375 0.79375 0.171875 0.4125