5 0.5484375 0.2078125 0.159375 0.315625
2 0.396875 0.5171875 0.14375 0.196875
3 0.34140625 0.6125 0.0703125 0.10625
8 0.26953125 0.8609375 0.1390625 0.196875
6 0.38046875 0.90546875 0.0734375 0.1421875
3 0.434375 0.9109375 0.06875 0.165625
3 0.9546875 0.5296875 0.090625 0.140625
3 0.6375 0.7046875 0.3375 0.171875
11 0.953125 0.7578125 0.09375 0.334375
10 0.7578125 0.4421875 0.059375 0.046875
10 0.7171875 0.54921875 0.084375 0.0484375
10 0.709375 0.5125 0.06875 0.05625
10 0.7640625 0.5125 0.071875 0.06875
10 0.78359375 0.49453125 0.0671875 0.0578125
10 0.6375 0.55234375 0.0875 0.0671875