11 0.1332 0.169896875 0.142434375 0.25439687499999997 0.265875 0.27391875 0.353559375 0.13023437499999999 0.590828125 0.06745625 0.567925 0.00056875 0.273959375 0.042121874999999996 0.1332 0.169896875
3 0.49080625 0.10406875 0.35344375 0.34423750000000003 0.40420937500000004 0.37615937499999996 0.578025 0.11627499999999999 0.49080625 0.10406875
3 0.62308125 0.15863125 0.567278125 0.13815 0.3912375 0.38224375 0.47145625 0.419271875 0.62308125 0.15863125
11 0.771875 0.090625 0.24375 0.18125
3 0.4953125 0.625 0.309375 0.375
5 0.4296875 0.87890625 0.084375 0.1640625
5 0.50234375 0.79765625 0.0796875 0.1640625
5 0.5828125 0.859375 0.065625 0.11875
5 0.5328125 0.9484375 0.128125 0.103125
4 0.0515625 0.8625 0.103125 0.275
4 0.11015625 0.8125 0.0953125 0.30625
9 0.5890625 0.684375 0.121875 0.24375