11 0.51875 0.239925 0.48431875 0.215009375 0.36648437500000003 0.20962187499999999 0.51875 0.38595 0.51875 0.239925
8 0.76171875 0.3171875 0.4609375 0.471875
8 0.115625 0.7765625 0.23125 0.278125
8 0.2875 0.7484375 0.24375 0.221875
3 0.7953125 0.7546875 0.409375 0.234375
3 0.759375 0.81875 0.48125 0.3625
10 0.559375 0.6671875 0.08125 0.059375
10 0.540625 0.6953125 0.04375 0.096875
10 0.5359375 0.7484375 0.034375 0.103125
10 0.59296875 0.72734375 0.1359375 0.1046875
10 0.6453125 0.678125 0.134375 0.08125