3 0.22703437499999998 0.276834375 0.030506250000000002 0.3420375 0.06529375 0.38975 0.15635 0.339846875 0.22703437499999998 0.276834375
3 0.1393 0.409375 0.196246875 0.409375 0.256071875 0.366159375 0.25018125 0.3140375 0.13146875 0.384459375 0.1393 0.409375
3 0.1287625 0.409375 0.20388437499999998 0.31155625 0.09430625000000001 0.373540625 0.108375 0.409375 0.1287625 0.409375
5 0.7625 0.2828125 0.475 0.253125
8 0.3203125 0.6828125 0.378125 0.359375
8 0.178125 0.5296875 0.35625 0.240625
2 0.6203125 0.925 0.221875 0.15
6 0.71015625 0.66328125 0.2015625 0.1890625
3 0.9359375 0.621875 0.128125 0.175
3 0.8203125 0.975 0.146875 0.05
8 0.7390625 0.971875 0.140625 0.05625