2 0.1125 0.315625 0.225 0.225
6 0.26328125 0.3375 0.1828125 0.0875
3 0.334375 0.3828125 0.16875 0.090625
8 0.5734375 0.096875 0.028125 0.10625
3 0.66875 0.25859375 0.0875 0.1609375
3 0.69296875 0.2328125 0.1234375 0.115625
6 0.725 0.1578125 0.1125 0.084375
2 0.86953125 0.20078125 0.2265625 0.3453125
8 0.30859375 0.77734375 0.2171875 0.2046875
8 0.5125 0.4953125 0.09375 0.134375
6 0.4734375 0.9171875 0.171875 0.165625
3 0.2234375 0.940625 0.309375 0.11875
2 0.0796875 0.8015625 0.159375 0.396875
3 0.5875 0.809375 0.05625 0.275
6 0.60234375 0.61015625 0.0859375 0.1078125
8 0.7125 0.65 0.225 0.34375
6 0.975 0.60625 0.05 0.08125