3 0.52578125 0.1109375 0.2640625 0.140625
3 0.628125 0.0546875 0.08125 0.109375
3 0.14375 0.2859375 0.2875 0.171875
11 0.528125 0.3359375 0.28125 0.328125
10 0.2390625 0.0234375 0.059375 0.046875
10 0.1984375 0.13046875 0.084375 0.0484375
10 0.190625 0.09375 0.06875 0.05625
10 0.2453125 0.09375 0.071875 0.06875
10 0.26484375 0.07578125 0.0671875 0.0578125
10 0.11875 0.13359375 0.0875 0.0671875
3 1 0.21281875 0.87425625 0.25453749999999997 0.90904375 0.30225 1 0.252403125 1 0.21281875
3 1 0.251 0.93805625 0.286040625 0.959021875 0.33944375 1 0.286084375 1 0.251
10 0.66875 0.48153750000000006 0.8267218749999999 0.49728125 0.8511875 0.396940625 0.66875 0.28735625 0.66875 0.48153750000000006
2 0.44375 0.75 0.45 0.5
3 0.7875 0.79375 0.2375 0.34375
8 0.91875 0.678125 0.1625 0.25