2 0.240625 0.0953125 0.48125 0.190625
3 0.471875 0.0859375 0.175 0.171875
11 0.6046875 0.340625 0.090625 0.3375
10 0.5796875 0.10625 0.040625 0.05625
10 0.63046875 0.09609375 0.0671875 0.0421875
10 0.7 0.0796875 0.04375 0.046875
10 0.65234375 0.1296875 0.0484375 0.040625
10 0.60546875 0.13125 0.0484375 0.05
3 0.2671875 0.8625 0.165625 0.275
2 0.4234375 0.6875 0.271875 0.35625
8 0.1234375 0.7296875 0.246875 0.434375
3 0.5828125 0.54375 0.046875 0.06875
6 0.61171875 0.81796875 0.0734375 0.1421875
3 0.7 0.82578125 0.1375 0.1640625