11 0.2796875 0.178125 0.184375 0.35625
10 0.05625 0.3484375 0.1125 0.221875
3 0.1109375 0.1 0.221875 0.06875
3 0.0765625 0.1546875 0.153125 0.059375
3 0.09375 0.1984375 0.1875 0.046875
6 0.8546875 0.2296875 0.228125 0.459375
6 0.6046875 0.1875 0.109375 0.375
6 0.1046875 0.8703125 0.209375 0.259375
6 0.159375 0.8421875 0.31875 0.315625
6 0.1890625 0.8078125 0.378125 0.384375
6 0.1890625 0.775 0.378125 0.45
6 0.671875 0.8484375 0.24375 0.303125
6 0.8296875 0.8734375 0.103125 0.253125
6 0.9234375 0.865625 0.103125 0.26875
6 0.9734375 0.903125 0.053125 0.19375