11 0.084375 0.4078125 0.16875 0.165625
3 0.0890625 0.2046875 0.178125 0.165625
3 0.09375 0.2578125 0.1875 0.140625
8 0.5890625 0.1 0.059375 0.2
9 0.7 0.31328125 0.18125 0.2828125
9 0.653125 0.4265625 0.1875 0.303125
9 0.8171875 0.409375 0.146875 0.3375
0 0.8953125 0.2265625 0.209375 0.353125
3 0.734375 0.11640625 0.18125 0.1890625
3 0.675 0.1984375 0.23125 0.221875
1 0.40625 0.678125 0.30625 0.2
2 0.1203125 0.6921875 0.240625 0.228125
8 0.0828125 0.7546875 0.165625 0.284375
8 0.2078125 0.74296875 0.321875 0.3234375
4 0.440625 0.7625 0.2375 0.36875
10 0.09296875 0.8609375 0.1234375 0.134375
10 0.1078125 0.9265625 0.128125 0.146875
10 0.2578125 0.93125 0.159375 0.1375
10 0.3359375 0.903125 0.121875 0.19375