8 0.2546875 0.2734375 0.171875 0.128125
6 0.4203125 0.290625 0.096875 0.09375
3 0.8375 0.22890625 0.09375 0.1140625
2 0.6171875 0.2203125 0.278125 0.234375
6 0.76875 0.2828125 0.09375 0.109375
6 0.915625 0.290625 0.16875 0.09375
3 0.1609375 0.9328125 0.321875 0.134375
2 0.253125 0.6796875 0.43125 0.421875
8 0.6765625 0.925 0.178125 0.15
3 0.921875 0.4109375 0.15625 0.146875
6 0.78046875 0.44765625 0.2171875 0.1953125
3 0.83984375 0.8953125 0.1984375 0.140625
2 0.5734375 0.4515625 0.209375 0.228125
2 0.6109375 0.8234375 0.284375 0.353125