11 0.2140625 0.25 0.428125 0.25625
4 0.2140625 0.425 0.428125 0.09375
10 0.0453125 0.675 0.084375 0.09375
10 0.0328125 0.509375 0.065625 0.0625
10 0.05625 0.54609375 0.09375 0.0984375
10 0.13515625 0.5453125 0.0640625 0.071875
10 0.1390625 0.60546875 0.084375 0.0984375
10 0.07890625 0.62734375 0.0578125 0.1109375
3 0.16875 0.8015625 0.3375 0.271875
3 0.2140625 0.8484375 0.428125 0.284375
11 0.275 0.8828125 0.30625 0.234375
11 0.6171875 0.6453125 0.378125 0.490625
1 0.8421875 0.7265625 0.315625 0.390625