11 0.33351875 0 0.12395937500000001 0.029621875 0 0.142146875 0 0.24309375000000003 0.11587499999999999 0.26141875 0.203559375 0.11773437499999999 0.41875 0.06079687499999999 0.41875 0 0.33351875 0
10 0 0.5810531250000001 0.066846875 0.5875 0.41875 0.5875 0.41875 0.472490625 0 0.41020312499999995 0 0.5810531250000001
3 0.41875 0.11764375 0.41875 0.102478125 0.34080625000000003 0.09156875 0.20344375 0.3317375 0.25420937499999996 0.363659375 0.41875 0.11764375
3 0.41875 0.239525 0.41875 0.126190625 0.417278125 0.12564999999999998 0.2412375 0.36974375 0.32145625 0.406771875 0.41875 0.239525
6 0.675 0.29375 0.16875 0.5875
6 0.8578125 0.3421875 0.146875 0.490625
6 0.4828125 0.3546875 0.128125 0.465625
6 0.1171875 0.68125 0.234375 0.1875
6 0.2703125 0.678125 0.103125 0.18125
6 0.3640625 0.6609375 0.103125 0.146875
10 0.5078125 0.64375 0.090625 0.1125
10 0.5953125 0.61875 0.078125 0.0625
10 0.60859375 0.73828125 0.0859375 0.1203125
10 0.540625 0.8203125 0.075 0.109375
10 0.49921875 0.92890625 0.0734375 0.1265625
10 0.4515625 0.6890625 0.059375 0.103125