5 0.425 0.1734375 0.06875 0.178125
3 0.920784375 0.27370937500000003 0.72425625 0.3389125 0.75904375 0.386625 0.8501 0.336721875 0.920784375 0.27370937500000003
3 0.94393125 0.31091250000000004 0.82521875 0.381334375 0.8435874999999999 0.439775 0.9498218749999999 0.363034375 0.94393125 0.31091250000000004
3 0.78805625 0.370415625 0.809021875 0.42381875 0.897634375 0.30843125 0.78805625 0.370415625
10 0.459375 0.339240625 0.459375 0.509375 0.694346875 0.509375 0.7011875 0.48131562499999997 0.46665625000000005 0.340440625 0.459375 0.339240625
5 0.25625 0.5703125 0.40625 0.121875
11 0.565625 0.7171875 0.2125 0.146875
10 0.73984375 0.66796875 0.0609375 0.0734375
10 0.76875 0.7625 0.0875 0.0625
10 0.80859375 0.73671875 0.0984375 0.0484375
10 0.8953125 0.82578125 0.096875 0.0578125