2 0.2046875 0.1671875 0.409375 0.334375
10 0.484375 0.0890625 0.15 0.178125
11 0.6515625 0.1046875 0.121875 0.209375
3 0.7828125 0.0765625 0.071875 0.153125
3 0.821875 0.0671875 0.075 0.134375
3 0.8484375 0.0734375 0.065625 0.146875
8 0.0578125 0.5359375 0.115625 0.290625
6 0.125 0.56328125 0.0625 0.1640625
8 0.19765625 0.5828125 0.1328125 0.184375
3 0.29765625 0.66953125 0.2203125 0.1703125
2 0.534375 0.91875 0.25 0.1625
2 0.4609375 0.578125 0.103125 0.4
6 0.63828125 0.65078125 0.2015625 0.1890625
3 0.884375 0.609375 0.16875 0.175
3 0.7484375 0.96875 0.146875 0.0625
8 0.6671875 0.965625 0.140625 0.06875