8 0.0625 0.0234375 0.125 0.046875
3 0.1796875 0.034375 0.096875 0.06875
8 0.34375 0.028125 0.16875 0.05625
10 0.1671875 0.35 0.209375 0.28125
10 0.0578125 0.471875 0.115625 0.24375
10 0.0640625 0.2625 0.128125 0.10625
8 0.0296875 0.7953125 0.059375 0.371875
8 0.159375 0.71484375 0.20625 0.3046875
3 0.2515625 0.8609375 0.353125 0.159375
3 0.215625 0.9421875 0.425 0.115625
1 0.3390625 0.7453125 0.178125 0.303125
6 0.6234375 0.846875 0.221875 0.30625
6 0.496875 0.6609375 0.1375 0.678125
6 0.6109375 0.4921875 0.334375 0.565625