4 0.3484375 0.03125 0.696875 0.0625
10 0.07734375 0.196875 0.0734375 0.1125
10 0.1453125 0.265625 0.084375 0.09375
10 0.13046875 0.1 0.0734375 0.0625
10 0.15625 0.13671875 0.09375 0.0984375
10 0.23515625 0.1359375 0.0640625 0.071875
10 0.2390625 0.19609375 0.084375 0.0984375
10 0.17890625 0.21796875 0.0578125 0.1109375
3 0.21875 0.371875 0.4375 0.23125
3 0.3296875 0.3921875 0.546875 0.190625
2 0.85 0.3921875 0.3 0.190625
1 0.7671875 0.1125 0.134375 0.225
11 0.85 0.0546875 0.3 0.109375
6 0.221875 0.74375 0.16875 0.5125
6 0.4046875 0.7734375 0.146875 0.453125
6 0.046875 0.7859375 0.09375 0.428125
8 0.771875 0.5484375 0.14375 0.121875
9 0.9171875 0.7203125 0.165625 0.284375
9 0.8765625 0.8421875 0.190625 0.315625
3 0.934375 0.553125 0.13125 0.13125
3 0.878125 0.6078125 0.24375 0.221875