10 0.0203125 0.140625 0.040625 0.08125
10 0.12578125 0.13828125 0.1265625 0.0640625
10 0.2375 0.13125 0.11875 0.08125
10 0.13828125 0.09921875 0.1078125 0.0546875
10 0.05 0.1796875 0.1 0.071875
10 0.13203125 0.19453125 0.0953125 0.0765625
3 0.66484375 0.17421875 0.3171875 0.1921875
3 0.73125 0.1578125 0.2875 0.209375
1 0.68125 0.29375 0.2875 0.2125
11 0.871875 0.1796875 0.25625 0.303125
10 0.3421875 0.3328125 0.028125 0.109375
10 0.3515625 0.3890625 0.046875 0.084375
10 0.384375 0.4234375 0.1125 0.053125
8 0.1640625 0.7640625 0.328125 0.471875
8 0.2484375 0.7171875 0.159375 0.534375
2 0.9265625 0.571875 0.146875 0.24375
10 0.35625 0.65 0.05625 0.09375
10 0.3453125 0.484375 0.034375 0.0625
10 0.3640625 0.5203125 0.071875 0.096875
10 0.43203125 0.5203125 0.0640625 0.071875
10 0.4359375 0.58046875 0.084375 0.0984375
10 0.37578125 0.60234375 0.0578125 0.1109375
3 0.48125 0.7765625 0.30625 0.271875
3 0.5640625 0.8234375 0.471875 0.284375
11 0.709375 0.8703125 0.58125 0.259375