1 0.26015625 0.4140625 0.3828125 0.359375
3 0.15 0.153125 0.3 0.30625
3 0.175 0.2171875 0.35 0.303125
2 0.7828125 0.0421875 0.434375 0.084375
10 0.5171875 0.0578125 0.059375 0.090625
10 0.53359375 0.159375 0.0921875 0.13125
10 0.5 0.2140625 0.025 0.121875
10 0.1421875 0.9578125 0.084375 0.084375
10 0.2265625 0.6625 0.084375 0.10625
10 0.159375 0.7390625 0.075 0.109375
10 0.11796875 0.84765625 0.0734375 0.1265625
10 0.0703125 0.634375 0.059375 0.05
10 0.01875 0.6734375 0.0375 0.103125
8 0.865625 0.83359375 0.175 0.2671875
9 0.9765625 0.734375 0.046875 0.25
7 0.971875 0.9265625 0.05625 0.128125
3 0.8421875 0.7234375 0.315625 0.228125