3 0.1703125 0.0890625 0.340625 0.103125
3 0.175 0.2265625 0.35 0.096875
6 0.7671875 0.184375 0.440625 0.36875
6 0.6015625 0.0515625 0.503125 0.103125
6 0.8921875 0.14375 0.215625 0.2875
5 0.0640625 0.8046875 0.128125 0.221875
5 0.1234375 0.909375 0.153125 0.18125
5 0.26875 0.921875 0.15 0.15625
7 0.2359375 0.71953125 0.134375 0.2390625
3 0.09921875 0.66953125 0.1984375 0.3453125
3 0.14375 0.58046875 0.175 0.2859375
8 0.384375 0.5140625 0.06875 0.209375
8 0.5421875 0.5140625 0.171875 0.209375
8 0.7859375 0.515625 0.228125 0.2125