2 0.215625 0.2671875 0.43125 0.434375
3 0.171875 0.4671875 0.3 0.284375
8 0.4125 0.4046875 0.2125 0.309375
8 0.8171875 0.30546875 0.146875 0.2609375
8 0.765625 0.515625 0.1375 0.1875
8 0.8984375 0.515625 0.134375 0.1875
10 0.0296875 0.8859375 0.059375 0.046875
10 0.0828125 0.8859375 0.040625 0.040625
10 0.11484375 0.890625 0.0484375 0.05625
10 0.16796875 0.88046875 0.0671875 0.0421875
10 0.2375 0.8640625 0.04375 0.046875
10 0.18984375 0.9140625 0.0484375 0.040625
10 0.14296875 0.915625 0.0484375 0.05
10 0.0265625 0.9234375 0.053125 0.040625
6 0.771875 0.95 0.06875 0.1
3 0.8421875 0.95625 0.084375 0.0875
2 0.9203125 0.853125 0.159375 0.2