11 0.196875 0.31015625 0.18125 0.3453125
10 0.12734375 0.06640625 0.0671875 0.0453125
10 0.1828125 0.0640625 0.040625 0.040625
10 0.21484375 0.06875 0.0484375 0.05625
10 0.26796875 0.05859375 0.0671875 0.0421875
10 0.3375 0.0421875 0.04375 0.046875
10 0.28984375 0.0921875 0.0484375 0.040625
10 0.24296875 0.09375 0.0484375 0.05
10 0.11640625 0.1015625 0.0765625 0.040625
6 0.821875 0.4515625 0.2 0.234375
8 0.596875 0.1984375 0.31875 0.334375
3 0.4796875 0.409375 0.084375 0.31875
2 0.8953125 0.2 0.209375 0.4
5 0.18125 0.734375 0.3625 0.33125
8 0.46875 0.7015625 0.0625 0.196875
2 0.7296875 0.96875 0.484375 0.0625
3 0.6515625 0.609375 0.378125 0.08125
6 0.8328125 0.6796875 0.334375 0.171875
8 0.928125 0.6203125 0.14375 0.103125