2 0.1796875 0.19375 0.359375 0.3875
1 0.709375 0.1515625 0.20625 0.153125
3 0.75390625 0.3109375 0.2640625 0.140625
3 0.86015625 0.2203125 0.0828125 0.178125
3 0.4375 0.4859375 0.15625 0.171875
11 0.7765625 0.4796875 0.321875 0.215625
10 0.46796875 0.22265625 0.0609375 0.0515625
10 0.4265625 0.33046875 0.084375 0.0484375
10 0.41875 0.29375 0.06875 0.05625
10 0.4734375 0.29375 0.071875 0.06875
10 0.49296875 0.27578125 0.0671875 0.0578125
10 0.375 0.3328125 0.03125 0.065625
3 0.33125 0.7859375 0.05625 0.396875
2 0.196875 0.9515625 0.325 0.096875
8 0.1796875 0.6671875 0.359375 0.159375
6 0.4828125 0.959375 0.246875 0.08125
3 0.56328125 0.7765625 0.1703125 0.121875
2 0.775 0.79375 0.45 0.4125
8 0.44375 0.8421875 0.16875 0.315625