4 0.1375 0.284375 0.1375 0.53125
10 0.3913 0.55 0.46737812500000003 0.55 0.6086750000000001 0.520165625 0.348625 0.007271875 0.194359375 0.04698125 0.3913 0.55
1 0.5390625 0.1703125 0.178125 0.303125
8 0.91328125 0.19609375 0.1703125 0.1984375
8 0.8 0.35703125 0.15625 0.1890625
8 0.903125 0.3671875 0.19375 0.253125
8 0.415625 0.746875 0.425 0.39375
8 0.184375 0.6953125 0.36875 0.290625
3 0.6828125 0.8359375 0.109375 0.196875
3 0.74453125 0.8265625 0.1765625 0.121875
10 0.675 0.9890625 0.09375 0.021875
10 0.7484375 0.990625 0.078125 0.01875
10 0.90625 0.98125 0.09375 0.0375
10 0.840625 0.9921875 0.06875 0.015625