8 0.3625 0.32578125 0.28125 0.3015625
6 0.325 0.5140625 0.3875 0.109375
2 0.1203125 0.2671875 0.240625 0.453125
1 0.91875 0.1984375 0.1625 0.153125
3 0.925 0.3578125 0.15 0.140625
3 0.6328125 0.5078125 0.228125 0.121875
11 0.9234375 0.49375 0.153125 0.15
10 0.69921875 0.26953125 0.0609375 0.0515625
10 0.6578125 0.37734375 0.084375 0.0484375
10 0.65 0.340625 0.06875 0.05625
10 0.7046875 0.340625 0.071875 0.06875
10 0.72421875 0.32265625 0.0671875 0.0578125
10 0.578125 0.38046875 0.0875 0.0671875
3 0.11328125 0.9015625 0.1703125 0.121875
2 0.309375 0.834375 0.41875 0.33125
5 0.5734375 0.8921875 0.109375 0.203125