10 0.01580625 0 0 0.02120625 0 0.13755937499999998 0.039315625 0.165503125 0.295471875 0.19103125 0.3199375 0.090690625 0.16895312499999998 0 0.01580625 0
11 0.45 0.434534375 0.45 0.27127500000000004 0.27146875000000004 0.195159375 0.0678375 0.21797499999999997 0.075628125 0.28925 0.45 0.434534375
3 0.525 0.25625 0.15 0.275
3 0.5578125 0.290625 0.184375 0.29375
3 0.5 0.2890625 0.1 0.296875
6 0.18359375 0.90390625 0.2234375 0.1328125
8 0.3703125 0.8625 0.159375 0.275
6 0.80625 0.8953125 0.2 0.209375
8 0.5953125 0.6546875 0.290625 0.334375
3 0.478125 0.853125 0.05625 0.29375
2 0.8875 0.6484375 0.225 0.415625