1 0.415625 0.0296875 0.20625 0.059375
3 0.45625 0.1421875 0.2625 0.140625
3 0.5546875 0.0703125 0.065625 0.140625
3 0.1109375 0.3171875 0.221875 0.171875
11 0.4546875 0.340625 0.265625 0.275
10 0.17421875 0.05390625 0.0609375 0.0515625
10 0.1328125 0.16171875 0.084375 0.0484375
10 0.125 0.125 0.06875 0.05625
10 0.1796875 0.125 0.071875 0.06875
10 0.19921875 0.10703125 0.0671875 0.0578125
10 0.053125 0.16484375 0.0875 0.0671875
6 0.74765625 0.26328125 0.2015625 0.1890625
3 0.9546875 0.221875 0.090625 0.175
5 0.28515625 0.72734375 0.2328125 0.1796875
3 0.9515625 0.8546875 0.096875 0.259375
1 0.9 0.575 0.2 0.19375
10 0.5984375 0.6359375 0.021875 0.059375
10 0.6171875 0.6515625 0.059375 0.046875
10 0.6046875 0.575 0.034375 0.0375
10 0.66640625 0.58515625 0.0578125 0.0578125
10 0.72421875 0.60625 0.0796875 0.05
10 0.628125 0.5984375 0.08125 0.046875