3 0.0203125 0.2109375 0.040625 0.265625
6 0.090625 0.0359375 0.18125 0.071875
8 0.3890625 0.0859375 0.040625 0.171875
6 0.384375 0.0265625 0.05 0.053125
3 0.6609375 0.1515625 0.390625 0.303125
8 0.9140625 0.1890625 0.171875 0.378125
3 0.353125 0.5453125 0.1125 0.159375
3 0.1203125 0.9078125 0.240625 0.184375
10 0.034375 0.4515625 0.06875 0.084375
10 0.121875 0.56796875 0.1 0.0796875
10 0.0359375 0.553125 0.071875 0.08125
10 0.0265625 0.6140625 0.053125 0.084375
10 0.0296875 0.7421875 0.059375 0.096875
5 0.565625 0.7765625 0.21875 0.196875