3 0.82421875 0.62109375 0.1234375 0.2609375
3 0.934375 0.64140625 0.13125 0.2640625
3 0.08984375 0.4296875 0.1296875 0.240625
1 0.77578125 0.33984375 0.2265625 0.1984375
11 0.184375 0.62109375 0.3375 0.3734375
10 0.33046875 0.32265625 0.0796875 0.0453125
10 0.28359375 0.36015625 0.0734375 0.0578125
10 0.425 0.40390625 0.0875 0.0578125
10 0.471875 0.4171875 0.06875 0.046875
10 0.4140625 0.36171875 0.078125 0.0546875
10 0.39453125 0.340625 0.0640625 0.05625
10 0.35625 0.37890625 0.05625 0.0640625
10 0.46015625 0.340625 0.0453125 0.0375
10 0.52578125 0.35078125 0.0578125 0.0578125
10 0.58359375 0.371875 0.0796875 0.05
10 0.48828125 0.36640625 0.0828125 0.0453125