6 0.0359375 0.1453125 0.071875 0.165625
6 0.09609375 0.1875 0.1046875 0.075
6 0.190625 0.18984375 0.0875 0.0921875
6 0.2171875 0.1625 0.040625 0.04375
2 0.1796875 0.3890625 0.203125 0.059375
1 0.978125 0.3203125 0.04375 0.153125
10 0.73203125 0.36796875 0.0703125 0.0609375
10 0.66953125 0.34375 0.0890625 0.05625
10 0.87109375 0.36796875 0.0796875 0.0609375
10 0.7390625 0.396875 0.084375 0.04375
5 0.31171875 0.76484375 0.5171875 0.3421875
8 0.6640625 0.4859375 0.128125 0.134375
2 0.8578125 0.8328125 0.284375 0.284375