1 0.1953125 0.0734375 0.165625 0.146875
3 0.3296875 0.0953125 0.121875 0.190625
3 0.39765625 0.0828125 0.1765625 0.121875
10 0.3 0.31328125 0.09375 0.0703125
10 0.325 0.2640625 0.1 0.059375
10 0.37265625 0.31953125 0.0890625 0.0765625
10 0.4375 0.30546875 0.09375 0.0796875
10 0.40234375 0.271875 0.0796875 0.06875
10 0.4796875 0.2625 0.040625 0.04375
10 0.484375 0.3015625 0.03125 0.065625
10 0.45625 0.35 0.0875 0.06875
10 0.465625 0.4109375 0.06875 0.071875
10 0.6015625 0.15546875 0.078125 0.1109375
10 0.53125 0.1796875 0.0625 0.078125
10 0.5609375 0.14765625 0.078125 0.0953125
10 0.63359375 0.26796875 0.0671875 0.0984375
10 0.5890625 0.34453125 0.065625 0.0953125
10 0.540625 0.3125 0.06875 0.11875
10 0.521875 0.2484375 0.04375 0.109375
10 0.3203125 0.7546875 0.359375 0.290625
6 0.65 0.6921875 0.3 0.165625