10 0.1421875 0.07109375 0.078125 0.1109375
10 0.06015625 0.0953125 0.0890625 0.078125
10 0.1015625 0.06328125 0.078125 0.0953125
10 0.17421875 0.18359375 0.0671875 0.0984375
10 0.1296875 0.26015625 0.065625 0.0953125
10 0.08125 0.228125 0.06875 0.11875
10 0.05234375 0.1640625 0.0671875 0.109375
2 0.7828125 0.0984375 0.434375 0.196875
10 0.4 0.1484375 0.04375 0.096875
10 0.4203125 0.1828125 0.084375 0.115625
10 0.51015625 0.1703125 0.0765625 0.090625
10 0.53359375 0.271875 0.0921875 0.13125
10 0.475 0.3265625 0.075 0.121875
10 0.428125 0.4 0.09375 0.10625
10 0.4046875 0.3296875 0.053125 0.121875
10 0.44453125 0.24609375 0.0765625 0.1109375
1 0.2015625 0.95 0.353125 0.1
4 1 0.8965 0.951765625 0.583496875 0.944096875 0.56875 0.746196875 0.56875 0.857634375 1 1 1 1 0.8965
3 1 0.56875 0.9301406249999999 0.56875 0.9318375 0.613659375 1 0.709209375 1 0.56875