5 0.1546875 0.3640625 0.309375 0.190625
2 0.6671875 0.1921875 0.296875 0.346875
3 0.90546875 0.20703125 0.1484375 0.1703125
3 0.9203125 0.315625 0.159375 0.125
8 0.82578125 0.17734375 0.1390625 0.1296875
8 0.7515625 0.30078125 0.165625 0.1328125
3 0 0.6648468750000001 0.00904375 0.67725 0.1001 0.627346875 0.17078437500000002 0.5643343749999999 0 0.620996875 0 0.6648468750000001
3 0.19393125 0.6015375 0.07521875 0.6719593749999999 0.0935875 0.7304 0.19982187499999998 0.6536593749999999 0.19393125 0.6015375
3 0.03805625 0.6610406249999999 0.059021875 0.71444375 0.147634375 0.5990562500000001 0.03805625 0.6610406249999999
6 0.55625 0.6828125 0.075 0.103125
6 0.765625 0.6953125 0.08125 0.071875
8 0.578125 0.96875 0.11875 0.0625
2 0.9015625 0.959375 0.196875 0.08125