1 0.1015625 0.303125 0.203125 0.25
4 0.3453125 0.2609375 0.246875 0.178125
3 0.6640625 0.0375 0.121875 0.075
3 0.7296875 0.0140625 0.178125 0.028125
10 0.634375 0.19765625 0.09375 0.0703125
10 0.659375 0.1484375 0.1 0.059375
10 0.70703125 0.20390625 0.0890625 0.0765625
10 0.771875 0.18984375 0.09375 0.0796875
10 0.73671875 0.15625 0.0796875 0.06875
10 0.89375 0.128125 0.09375 0.05
10 0.9734375 0.1578125 0.053125 0.071875
10 0.828125 0.146875 0.06875 0.04375
10 0.8578125 0.18671875 0.109375 0.0671875
10 0.8078125 0.234375 0.121875 0.06875
10 0.896875 0.24375 0.09375 0.05625
10 0.88046875 0.2921875 0.0921875 0.071875
10 0.8125 0.29609375 0.09375 0.0734375
6 0.234375 0.6859375 0.46875 0.515625
6 0.7390625 0.7453125 0.521875 0.278125
6 0.725 0.5390625 0.5125 0.221875