10 0.1140625 0.1046875 0.228125 0.209375
11 0.28125 0.1046875 0.075 0.209375
6 0.6171875 0.10625 0.596875 0.20625
6 0.0640625 0.6765625 0.128125 0.646875
11 0.525 0.8140625 0.4125 0.165625
10 0.3734375 0.2421875 0.109375 0.065625
10 0.4640625 0.3046875 0.096875 0.071875
10 0.58671875 0.27578125 0.0859375 0.0640625
10 0.340625 0.2765625 0.04375 0.084375
10 0.4671875 0.35234375 0.109375 0.0671875
10 0.53203125 0.3328125 0.0890625 0.084375
1 0.4484375 0.559375 0.259375 0.2375
3 0.57109375 0.61328125 0.3421875 0.1640625
3 0.59296875 0.66640625 0.3171875 0.1390625