3 0.0390625 0.3203125 0.078125 0.109375
8 0.128125 0.2203125 0.19375 0.290625
6 0.34140625 0.29765625 0.2078125 0.1078125
6 0.1890625 0.6390625 0.165625 0.040625
2 0.4078125 0.5875 0.196875 0.14375
8 0.89140625 0.14765625 0.1390625 0.2015625
6 0.6484375 0.6046875 0.021875 0.109375
3 0.6953125 0.6109375 0.084375 0.096875
2 0.80078125 0.503125 0.2078125 0.2
3 0.88125 0.6171875 0.075 0.084375
6 0.95625 0.55390625 0.0625 0.1140625
3 0.2640625 0.9515625 0.159375 0.096875
8 0.39375 0.85625 0.19375 0.2875
6 0.56875 0.9328125 0.1375 0.109375