5 0.3078125 0.2015625 0.159375 0.296875
3 0.7015625 0.515625 0.059375 0.14375
3 0.6609375 0.4859375 0.034375 0.203125
3 0.628125 0.5015625 0.03125 0.171875
3 0.746875 0.484375 0.04375 0.20625
8 0.8578125 0.5125 0.115625 0.15
10 0.128125 0.684375 0.15 0.19375
10 0.1328125 0.8921875 0.153125 0.215625
10 0.2625 0.80390625 0.1375 0.1828125
10 0.2640625 0.6359375 0.115625 0.096875
4 0.0609375 0.709375 0.121875 0.24375
1 0.271875 0.9484375 0.23125 0.103125
6 0.3484375 0.79375 0.078125 0.4125
2 0.4796875 0.7046875 0.184375 0.234375