6 0.05625 0.478125 0.075 0.1625
6 0.0859375 0.39765625 0.071875 0.0890625
8 0.190625 0.3828125 0.15625 0.234375
3 0.3125 0.47421875 0.06875 0.1359375
3 0.6640625 0.05234375 0.171875 0.0921875
6 0.88125 0.06015625 0.2375 0.1015625
8 0.925 0.034375 0.15 0.06875
6 0.5359375 0.484375 0.109375 0.15
2 0.7140625 0.453125 0.253125 0.2125
2 0.8375 0.41328125 0.0875 0.0828125
6 0.8640625 0.5203125 0.090625 0.078125
3 0.3 0.7796875 0.3 0.440625
6 0.5171875 0.80390625 0.071875 0.0765625
8 0.634375 0.79921875 0.14375 0.1921875
3 0.70390625 0.88359375 0.0765625 0.1171875
6 0.80078125 0.90078125 0.0828125 0.1328125