8 0.1078125 0.4234375 0.215625 0.190625
8 0.6375 0.321875 0.39375 0.39375
3 0.8296875 0.375 0.340625 0.2875
5 0.159375 0.8203125 0.31875 0.290625
1 0.646875 0.6015625 0.20625 0.153125
3 0.69140625 0.7609375 0.2640625 0.140625
3 0.79765625 0.6703125 0.0828125 0.178125
3 0.3859375 0.925 0.134375 0.15
11 0.7140625 0.9109375 0.321875 0.178125
10 0.40546875 0.67265625 0.0609375 0.0515625
10 0.3640625 0.78046875 0.084375 0.0484375
10 0.35625 0.74375 0.06875 0.05625
10 0.4109375 0.74375 0.071875 0.06875
10 0.43046875 0.72578125 0.0671875 0.0578125