6 0.1484375 0.0109375 0.103125 0.021875
6 0.24375 0.015625 0.0875 0.03125
6 0.0203125 0.34375 0.040625 0.06875
8 0.0796875 0.2640625 0.134375 0.203125
3 0.3125 0.334375 0.06875 0.0875
3 0.384375 0.31875 0.125 0.11875
2 0.2328125 0.2515625 0.203125 0.190625
6 0.7484375 0.3125 0.071875 0.13125
3 0.8421875 0.290625 0.096875 0.1125
2 0.975 0.1984375 0.05 0.215625
6 0.978125 0.3203125 0.04375 0.115625
8 0.103125 0.5859375 0.20625 0.415625
3 0.2171875 0.7359375 0.371875 0.528125
11 0.6625 0.7953125 0.16875 0.346875
10 0.5984375 0.5515625 0.040625 0.046875
10 0.6421875 0.5515625 0.040625 0.040625
10 0.67421875 0.55625 0.0484375 0.05625
10 0.72734375 0.54609375 0.0671875 0.0421875
10 0.796875 0.5296875 0.04375 0.046875
10 0.74921875 0.5796875 0.0484375 0.040625
10 0.70234375 0.58125 0.0484375 0.05
10 0.5953125 0.5890625 0.034375 0.040625