1 0.1921875 0.0234375 0.165625 0.046875
3 0.3265625 0.0453125 0.121875 0.090625
3 0.3859375 0.021875 0.165625 0.04375
10 0.296875 0.21328125 0.09375 0.0703125
10 0.321875 0.1640625 0.1 0.059375
10 0.36953125 0.21953125 0.0890625 0.0765625
10 0.428125 0.2046875 0.08125 0.078125
10 0.39921875 0.171875 0.0796875 0.06875
10 0.4390625 0.25 0.059375 0.06875
10 0.4484375 0.3109375 0.040625 0.071875
6 0.209375 0.815625 0.41875 0.36875
6 0.1515625 0.75 0.303125 0.35625
6 0.3421875 0.7640625 0.246875 0.471875
6 0.671875 0.80625 0.35625 0.3875
6 0.7390625 0.8953125 0.221875 0.209375
6 0.8703125 0.8921875 0.196875 0.215625