9 0.1796875 0.3453125 0.359375 0.246875
9 0.23125 0.3328125 0.25625 0.328125
9 0.1796875 0.5609375 0.359375 0.253125
9 0.0375 0.10625 0.075 0.2125
8 0.67578125 0.2234375 0.1953125 0.190625
2 0.946875 0.55625 0.10625 0.35
6 0.946875 0.0765625 0.10625 0.140625
3 0.50546875 0.1625 0.2609375 0.18125
3 0.775 0.1765625 0.24375 0.228125
6 0.44375 0.9109375 0.16875 0.134375
8 0.6171875 0.89375 0.184375 0.2125
6 0.71875 0.90703125 0.0625 0.1640625
8 0.7890625 0.9171875 0.134375 0.165625
3 0.8890625 0.9625 0.221875 0.075