3 0.2046875 0.1234375 0.409375 0.215625
3 0.2328125 0.0828125 0.434375 0.165625
4 0.725 0.0859375 0.55 0.171875
11 0.746875 0.3265625 0.50625 0.265625
8 0.1171875 0.76875 0.234375 0.38125
8 0.3046875 0.8546875 0.290625 0.290625
8 0.296875 0.6546875 0.2875 0.153125
9 0.9546875 0.65625 0.090625 0.15625
9 0.959375 0.8359375 0.08125 0.221875
3 0.81875 0.7015625 0.3625 0.246875
5 0.7265625 0.89140625 0.084375 0.1640625
5 0.79921875 0.81015625 0.0796875 0.1640625
5 0.8796875 0.871875 0.065625 0.11875
5 0.8296875 0.9546875 0.128125 0.090625
9 0.9015625 0.6984375 0.153125 0.240625