2 0.4828125 0.5859375 0.390625 0.128125
1 0.41015625 0.33359375 0.2453125 0.2359375
11 0.446875 0.2234375 0.4625 0.221875
1 0.3265625 0.7234375 0.396875 0.146875
10 0.6078125 0.69375 0.140625 0.0875
10 0.60234375 0.775 0.1359375 0.1125
10 0.653125 0.7484375 0.05 0.121875
10 0.5859375 0.86171875 0.121875 0.1046875
10 0.65625 0.8546875 0.04375 0.115625
1 0.7328125 0.9578125 0.109375 0.084375
1 0.8890625 0.9453125 0.203125 0.109375
1 0.90625 0.840625 0.1875 0.175
1 0.7515625 0.915625 0.146875 0.15625
1 0.7515625 0.79609375 0.134375 0.1484375
1 0.759375 0.696875 0.15 0.09375