3 0.1984375 0.3328125 0.165625 0.271875
2 0.46875 0.16875 0.5 0.3375
6 0.5625 0.3859375 0.3125 0.165625
8 0.0890625 0.209375 0.178125 0.41875
11 0.809375 0.3609375 0.18125 0.215625
10 0.87734375 0.14140625 0.0796875 0.0453125
10 0.83046875 0.17890625 0.0734375 0.0578125
10 0.9640625 0.2203125 0.071875 0.059375
10 0.9921875 0.2359375 0.015625 0.046875
10 0.9609375 0.18046875 0.078125 0.0546875
10 0.94140625 0.159375 0.0640625 0.05625
10 0.903125 0.19765625 0.05625 0.0640625
10 0.990625 0.159375 0.01875 0.0375
2 0.3515625 0.715625 0.703125 0.49375
6 0.8109375 0.70703125 0.071875 0.0765625
8 0.928125 0.70234375 0.14375 0.1921875
3 0.978125 0.7859375 0.04375 0.115625