8 0.053125 0.1890625 0.10625 0.196875
2 0.28125 0.14375 0.2125 0.2875
2 0.7203125 0.14375 0.559375 0.2875
6 0.146875 0.54296875 0.14375 0.0921875
8 0.0546875 0.921875 0.109375 0.15625
6 0.14609375 0.91953125 0.1046875 0.0765625
3 0.128125 0.96875 0.05 0.0625
2 0.2796875 0.9015625 0.215625 0.196875
3 0.5921875 0.309375 0.215625 0.04375
3 0.909375 0.76015625 0.09375 0.1140625
8 0.88125 0.3046875 0.175 0.034375
6 0.50234375 0.80859375 0.1234375 0.1671875
2 0.68984375 0.7828125 0.2796875 0.296875
6 0.840625 0.83359375 0.09375 0.1484375
6 0.9515625 0.8390625 0.096875 0.128125