6 0.0546875 0.32734375 0.071875 0.1484375
8 0.1296875 0.2078125 0.134375 0.203125
3 0.3625 0.30546875 0.06875 0.1421875
3 0.415625 0.2828125 0.0875 0.159375
2 0.2828125 0.1953125 0.203125 0.190625
3 0.9515625 0.0875 0.096875 0.175
6 0.83984375 0.13828125 0.2171875 0.1953125
2 0.5984375 0.128125 0.278125 0.25625
2 0.6359375 0.39375 0.353125 0.1125
8 0.0890625 0.515625 0.178125 0.13125
2 0.2859375 0.8171875 0.346875 0.365625
3 0.7390625 0.8453125 0.059375 0.309375
3 0.8140625 0.8390625 0.090625 0.321875
3 0.7640625 0.83125 0.059375 0.3375
11 0.9421875 0.8 0.115625 0.4