2 0.1625 0.0921875 0.325 0.184375
3 0.3640625 0.0828125 0.271875 0.165625
2 0.8015625 0.2125 0.371875 0.19375
3 0.21328125 0.54140625 0.1953125 0.1015625
3 0.3546875 0.9515625 0.128125 0.096875
2 0.4640625 0.8875 0.071875 0.225
6 0.2359375 0.9734375 0.140625 0.053125
6 0.403125 0.88359375 0.1 0.0859375
6 0.40390625 0.56796875 0.0765625 0.0859375
8 0.21484375 0.859375 0.1296875 0.16875
3 0.61640625 0.3734375 0.1578125 0.109375
8 0.74375 0.3640625 0.19375 0.109375
6 0.925 0.35625 0.15 0.09375
6 0.8046875 0.72265625 0.165625 0.0953125
6 0.840625 0.88671875 0.225 0.1421875
3 0.66796875 0.775 0.1109375 0.1625
2 0.9625 0.7171875 0.075 0.296875