2 0.259375 0.1890625 0.51875 0.378125
3 0.51875 0.39380625 0.6001000000000001 0.349221875 0.670784375 0.286209375 0.51875 0.33665 0.51875 0.39380625
3 0.580103125 0.409375 0.652975 0.409375 0.699821875 0.37553437500000003 0.69393125 0.3234125 0.57521875 0.393834375 0.580103125 0.409375
3 0.5797125000000001 0.409375 0.647634375 0.32093125 0.53805625 0.382915625 0.54844375 0.409375 0.5797125000000001 0.409375
8 0.1546875 0.5 0.146875 0.18125
8 0.103125 0.709375 0.1375 0.2625
8 0.23828125 0.68671875 0.1328125 0.2171875
8 0.921875 0.440625 0.15625 0.0625
3 0.653125 0.6640625 0.26875 0.128125
6 0.9578125 0.61875 0.084375 0.175
2 0.725 0.528125 0.4125 0.2375