11 0.078125 0.5296875 0.15625 0.346875
10 0.0140625 0.2859375 0.028125 0.046875
10 0.0515625 0.2859375 0.040625 0.040625
10 0.08359375 0.290625 0.0484375 0.05625
10 0.13671875 0.28046875 0.0671875 0.0421875
10 0.20625 0.2640625 0.04375 0.046875
10 0.15859375 0.3140625 0.0484375 0.040625
10 0.11171875 0.315625 0.0484375 0.05
10 0.0109375 0.3234375 0.021875 0.040625
1 0.934375 0.1421875 0.13125 0.153125
3 0.940625 0.3015625 0.11875 0.140625
3 0.6578125 0.4765625 0.240625 0.171875
11 0.9390625 0.5296875 0.121875 0.334375
10 0.73046875 0.21328125 0.0609375 0.0515625
10 0.6890625 0.32109375 0.084375 0.0484375
10 0.68125 0.284375 0.06875 0.05625
10 0.7359375 0.284375 0.071875 0.06875
10 0.75546875 0.26640625 0.0671875 0.0578125
10 0.609375 0.32421875 0.0875 0.0671875
5 0.3390625 0.859375 0.396875 0.28125
2 0.75 0.95 0.425 0.1