1 0.7265625 0.140625 0.403125 0.28125
11 0.665625 0.0875 0.39375 0.175
10 0.6046875 0.4484375 0.153125 0.078125
10 0.7171875 0.4390625 0.140625 0.096875
10 0.096875 0.9 0.19375 0.2
11 0.33125 0.90625 0.24375 0.1875
3 0.28671875 0.72265625 0.2671875 0.1640625
3 0.228125 0.70703125 0.23125 0.1203125
3 0.22421875 0.78125 0.2984375 0.10625
3 0.77421875 0.71484375 0.3171875 0.1921875
3 0.840625 0.6984375 0.2875 0.209375
1 0.790625 0.834375 0.2875 0.2125
11 0.9265625 0.7203125 0.146875 0.303125
10 0.509375 0.96875 0.08125 0.0625