2 0.7890625 0.09375 0.421875 0.1875
8 0.9609375 0.09375 0.078125 0.1875
3 0.4875 0.61015625 0.09375 0.1140625
6 0.08046875 0.65859375 0.1234375 0.1671875
2 0.26796875 0.6328125 0.2796875 0.296875
6 0.41875 0.68359375 0.09375 0.1484375
6 0.5296875 0.6890625 0.096875 0.128125
8 0.89765625 0.31640625 0.1390625 0.2015625
6 0.63125 0.77421875 0.06875 0.1109375
3 0.7015625 0.7984375 0.084375 0.134375
2 0.80703125 0.671875 0.2078125 0.2
3 0.8875 0.7984375 0.075 0.109375
6 0.9625 0.72265625 0.0625 0.1140625