8 0.196875 0.0609375 0.19375 0.121875
3 0.3984375 0.0859375 0.121875 0.171875
2 0.3359375 0.3359375 0.246875 0.203125
1 0.9125 0.0796875 0.175 0.153125
3 0.91875 0.2390625 0.1625 0.140625
3 0.596875 0.3828125 0.275 0.109375
11 0.9171875 0.36875 0.165625 0.1375
10 0.68671875 0.15078125 0.0609375 0.0515625
10 0.6453125 0.25859375 0.084375 0.0484375
10 0.6375 0.221875 0.06875 0.05625
10 0.6921875 0.221875 0.071875 0.06875
10 0.71171875 0.20390625 0.0671875 0.0578125
10 0.565625 0.26171875 0.0875 0.0671875
3 0.3484375 0.8328125 0.221875 0.196875
2 0.16875 0.703125 0.3375 0.5
8 0.3515625 0.640625 0.215625 0.25
2 0.7515625 0.85 0.496875 0.3
6 0.9296875 0.4921875 0.140625 0.109375