4 0.2234375 0.2453125 0.446875 0.246875
3 0.6625 0.2125 0.20625 0.425
3 0.59375 0.196875 0.06875 0.3
9 0.77890625 0.203125 0.1515625 0.2375
9 0.88671875 0.3296875 0.1671875 0.215625
9 0.9765625 0.2328125 0.046875 0.209375
9 0.9453125 0.4484375 0.109375 0.159375
9 0.8203125 0.4546875 0.209375 0.146875
8 0.65625 0.3953125 0.19375 0.265625
2 0.1484375 0.8859375 0.296875 0.228125
9 0.1046875 0.6546875 0.184375 0.253125
9 0.2515625 0.765625 0.209375 0.19375
8 0.4546875 0.5828125 0.134375 0.109375
3 0.134375 0.5578125 0.26875 0.059375
8 0.4078125 0.7171875 0.171875 0.203125
1 0.2546875 0.6046875 0.184375 0.153125
5 0.8578125 0.646875 0.284375 0.2375