9 0.325 0.0546875 0.16875 0.109375
9 0.3296875 0.2109375 0.159375 0.221875
3 0.1796875 0.1 0.359375 0.2
5 0.0578125 0.26640625 0.084375 0.1640625
5 0.13046875 0.18515625 0.0796875 0.1640625
5 0.2109375 0.246875 0.065625 0.11875
5 0.1609375 0.35625 0.128125 0.14375
9 0.2328125 0.096875 0.153125 0.19375
6 0.65 0.0875 0.48125 0.175
11 0.259375 0.9546875 0.24375 0.090625
3 0.21484375 0.81953125 0.2671875 0.1640625
3 0.15625 0.80390625 0.23125 0.1203125
3 0.15234375 0.878125 0.2984375 0.10625
9 0.7046875 0.7671875 0.590625 0.428125