9 0.4296875 0.4078125 0.203125 0.059375
9 0.4109375 0.3390625 0.178125 0.196875
3 0.2515625 0.21875 0.390625 0.4375
9 0.43125 0.946875 0.15625 0.10625
9 0.5296875 0.9234375 0.096875 0.153125
3 0.2453125 0.9109375 0.321875 0.178125
2 0.0828125 0.640625 0.165625 0.40625
11 0.4828125 0.7265625 0.190625 0.246875
10 0.37421875 0.6078125 0.1421875 0.153125
10 0.48515625 0.57578125 0.0890625 0.0765625
1 0.19296875 0.69375 0.1921875 0.25625
1 0.28359375 0.809375 0.2609375 0.275
1 0.6234375 0.8078125 0.090625 0.234375
1 0.61875 0.9453125 0.08125 0.109375
1 0.9296875 0.9109375 0.140625 0.178125
1 0.7609375 0.9171875 0.209375 0.165625
1 0.77265625 0.7796875 0.2015625 0.228125
1 0.9296875 0.6578125 0.140625 0.340625
1 0.79609375 0.615625 0.2046875 0.175
1 0.6421875 0.690625 0.128125 0.15625
1 0.6390625 0.5703125 0.121875 0.146875
1 0.646875 0.478125 0.1375 0.08125