0 0.315625 0.4078125 0.24375 0.334375
3 0.3046875 0.5453125 0.265625 0.165625
3 0.8984375 0.2734375 0.203125 0.190625
3 0.9390625 0.2578125 0.121875 0.209375
1 0.9140625 0.39375 0.171875 0.2125
10 0.53125 0.33828125 0.1 0.0765625
10 0.47734375 0.4015625 0.0796875 0.084375
10 0.59375 0.4328125 0.10625 0.109375
10 0.59921875 0.49140625 0.1359375 0.0828125
10 0.65859375 0.54296875 0.1484375 0.0921875
10 0.5390625 0.5828125 0.121875 0.090625
10 0.6234375 0.5921875 0.159375 0.071875
6 0.165625 0.6953125 0.24375 0.134375
6 0.3234375 0.6921875 0.103125 0.128125
6 0.71875 0.7578125 0.5625 0.259375