5 0.36171875 0.20546875 0.1234375 0.1984375
5 0.44609375 0.140625 0.1171875 0.2
5 0.1796875 0.0203125 0.134375 0.040625
1 0.5484375 0.3328125 0.059375 0.153125
1 0.6796875 0.3203125 0.203125 0.178125
1 0.84765625 0.22421875 0.1515625 0.3421875
1 0.70546875 0.18125 0.2046875 0.175
1 0.5671875 0.25625 0.096875 0.15625
1 0.5640625 0.1359375 0.090625 0.146875
1 0.571875 0.0421875 0.10625 0.084375
1 0.9671875 0.3390625 0.065625 0.140625
1 0.9671875 0.1921875 0.065625 0.184375
1 0.9421875 0.059375 0.115625 0.11875
8 0.109375 0.6734375 0.21875 0.284375
8 0.2609375 0.76796875 0.334375 0.3421875
8 0.759375 0.7046875 0.48125 0.590625