9 0.24609375 0.23046875 0.1546875 0.1796875
9 0.33046875 0.08203125 0.1171875 0.1515625
9 0.3828125 0.27109375 0.115625 0.2109375
11 0.4484375 0.1453125 0.121875 0.271875
3 0.1171875 0.16953125 0.128125 0.1140625
8 0.21171875 0.07421875 0.0734375 0.1296875
6 0.8046875 0.2484375 0.390625 0.278125
6 0.7640625 0.0765625 0.471875 0.153125
6 0.31875 0.740625 0.38125 0.5
6 0.290625 0.7171875 0.4375 0.428125
6 0.8171875 0.7828125 0.365625 0.434375
6 0.725 0.6953125 0.43125 0.353125
6 0.6859375 0.5828125 0.353125 0.265625
6 0.9359375 0.7140625 0.128125 0.571875