1 0.3265625 0.53828125 0.165625 0.2328125
1 0.309375 0.7125 0.18125 0.1875
1 0.27578125 0.8703125 0.2203125 0.259375
1 0.48046875 0.8734375 0.2109375 0.253125
1 0.70546875 0.690625 0.2109375 0.28125
1 0.50234375 0.69140625 0.2109375 0.2515625
1 0.51328125 0.5078125 0.2015625 0.228125
1 0.67890625 0.38671875 0.1515625 0.3421875
1 0.53671875 0.34375 0.2046875 0.175
1 0.3609375 0.41875 0.171875 0.15625
1 0.3734375 0.29921875 0.134375 0.1484375
1 0.38125 0.16171875 0.15 0.1734375
1 0.125 0.21875 0.14375 0.20625
1 0.20859375 0.365625 0.1234375 0.2
1 0.15546875 0.571875 0.1484375 0.25625
1 0.69765625 0.87890625 0.2140625 0.2390625
1 0.909375 0.8890625 0.18125 0.221875
1 0.8921875 0.6796875 0.190625 0.234375
1 0.85703125 0.51015625 0.1765625 0.1515625
1 0.8484375 0.3546875 0.165625 0.184375
1 0.825 0.1875 0.21875 0.1875