1 0.3234375 0.5734375 0.209375 0.071875
1 0.1203125 0.5796875 0.209375 0.059375
1 0.13203125 0.4953125 0.2015625 0.228125
1 0.29765625 0.37421875 0.1515625 0.3421875
1 0.15546875 0.33125 0.2046875 0.175
1 0.0328125 0.40625 0.065625 0.15625
1 0.0296875 0.2859375 0.059375 0.146875
1 0.0375 0.1484375 0.075 0.171875
1 0.45625 0.4953125 0.14375 0.153125
1 0.45625 0.3421875 0.14375 0.184375
1 0.43125 0.175 0.19375 0.1875
6 0.6328125 0.2328125 0.115625 0.465625
6 0.775 0.1171875 0.1 0.234375
6 0.83125 0.359375 0.06875 0.45625
6 0.6609375 0.5234375 0.146875 0.171875
6 0.5546875 0.2609375 0.053125 0.521875
8 0.2109375 0.8046875 0.421875 0.390625
8 0.375 0.7796875 0.30625 0.340625
6 0.66875 0.7953125 0.28125 0.371875
6 0.9546875 0.8046875 0.090625 0.390625