5 0.0375 0.4046875 0.075 0.221875
5 0.0734375 0.4890625 0.146875 0.140625
5 0.215625 0.5015625 0.15 0.115625
7 0.1828125 0.31953125 0.134375 0.2390625
10 0.3390625 0.5046875 0.128125 0.109375
3 0.071875 0.2671875 0.14375 0.346875
3 0.090625 0.18046875 0.175 0.2859375
1 0.890625 0.43125 0.21875 0.25625
2 0.590625 0.3484375 0.325 0.315625
4 0.5265625 0.4453125 0.196875 0.228125
11 0.1296875 0.7078125 0.259375 0.296875
1 0.2828125 0.7234375 0.290625 0.328125
6 0.7671875 0.63125 0.253125 0.14375
6 0.5453125 0.65625 0.234375 0.19375
6 0.9515625 0.7671875 0.096875 0.390625