8 0.059375 0.2390625 0.11875 0.478125
2 0.6828125 0.390625 0.465625 0.175
1 0.5703125 0.115625 0.246875 0.23125
11 0.66875 0.0578125 0.5 0.115625
1 0.065625 0.5953125 0.13125 0.234375
1 0.0609375 0.771875 0.121875 0.1875
1 0.053125 0.9 0.10625 0.2
1 0.2015625 0.903125 0.209375 0.19375
1 0.3703125 0.75 0.096875 0.28125
1 0.22421875 0.75078125 0.2109375 0.2515625
1 0.2328125 0.5796875 0.203125 0.203125
1 0.3703125 0.546875 0.096875 0.1375
1 0.084375 0.5171875 0.16875 0.078125
1 0.3640625 0.9078125 0.109375 0.184375
8 0.6078125 0.765625 0.378125 0.46875
8 0.89375 0.7390625 0.2125 0.521875
8 0.7265625 0.90625 0.546875 0.1875