8 0.053125 0.3875 0.10625 0.38125
8 0.2078125 0.196875 0.415625 0.39375
2 0.7796875 0.159375 0.440625 0.31875
8 0.75546875 0.26953125 0.3609375 0.2828125
8 0.9078125 0.2546875 0.184375 0.321875
10 0.6015625 0.3515625 0.084375 0.178125
10 0.70234375 0.41484375 0.1296875 0.1671875
10 0.86171875 0.3734375 0.1234375 0.134375
10 0.87734375 0.45703125 0.1296875 0.1765625
10 0.9734375 0.465625 0.053125 0.18125
1 0.16875 0.64375 0.3375 0.13125
10 0.0453125 0.8921875 0.090625 0.109375
10 0.059375 0.959375 0.11875 0.08125
10 0.1734375 0.959375 0.171875 0.08125
10 0.53125 0.940625 0.05625 0.11875
10 0.1265625 0.87734375 0.140625 0.1171875
6 0.625 0.75 0.13125 0.34375
6 0.7265625 0.746875 0.103125 0.3375
6 0.8203125 0.7296875 0.103125 0.303125
6 0.9046875 0.7421875 0.121875 0.328125