8 0.06875 0.0734375 0.1375 0.146875
8 0.21875 0.11875 0.2375 0.2375
8 0.39375 0.090625 0.24375 0.18125
6 0.8453125 0.2140625 0.309375 0.428125
6 0.275 0.8953125 0.1875 0.209375
6 0.1109375 0.9046875 0.171875 0.190625
6 0.040625 0.5203125 0.08125 0.184375
6 0.31484375 0.64609375 0.1421875 0.1546875
6 0.1734375 0.6734375 0.128125 0.171875
6 0.0296875 0.690625 0.059375 0.2
6 0.4984375 0.83359375 0.184375 0.2109375
3 0.8625 0.9484375 0.23125 0.103125
3 0.9203125 0.95625 0.159375 0.0875
2 0.896875 0.7265625 0.20625 0.315625
4 0.8578125 0.8546875 0.284375 0.290625