8 0.215625 0.10078125 0.15625 0.1890625
8 0.290625 0.11875 0.1375 0.2375
1 0.440625 0.1484375 0.1625 0.296875
10 0.7984375 0.38125 0.159375 0.0375
10 0.9078125 0.3796875 0.134375 0.040625
1 0.290625 0.7359375 0.1375 0.234375
1 0.278125 0.909375 0.1625 0.18125
1 0.25 0.9703125 0.21875 0.059375
1 0.30625 0.61875 0.10625 0.15625
1 0.321875 0.4984375 0.075 0.146875
1 0.103125 0.4609375 0.14375 0.121875
1 0.18671875 0.565625 0.1234375 0.2
1 0.13359375 0.771875 0.1484375 0.25625
6 0.378125 0.6640625 0.0375 0.371875
6 0.5203125 0.84375 0.109375 0.3125
6 0.6375 0.8453125 0.1125 0.309375
6 0.7078125 0.5859375 0.084375 0.246875