8 0.1640625 0.3671875 0.328125 0.628125
8 0.4015625 0.290625 0.153125 0.58125
8 0.3234375 0.4953125 0.309375 0.428125
3 0.8328125 0.534375 0.334375 0.29375
3 0.7390625 0.578125 0.521875 0.2625
10 0.50625 0.4765625 0.05625 0.128125
10 0.6 0.45234375 0.15 0.1109375
10 0.5625 0.5046875 0.15 0.096875
10 0.56171875 0.5578125 0.1359375 0.103125
10 0.66796875 0.53671875 0.1359375 0.1046875
10 0.72109375 0.47734375 0.1359375 0.1046875
10 0.75390625 0.41015625 0.1453125 0.0953125
10 0.60625 0.3953125 0.13125 0.096875
1 0.3046875 0.7546875 0.346875 0.090625
2 0.7765625 0.85625 0.446875 0.2875