8 0.19375 0.2921875 0.3875 0.515625
10 0.4359375 0.1015625 0.096875 0.065625
10 0.5203125 0.1640625 0.096875 0.071875
10 0.64296875 0.13515625 0.0859375 0.0640625
10 0.403125 0.1359375 0.03125 0.084375
10 0.5234375 0.21171875 0.109375 0.0671875
10 0.58828125 0.1921875 0.0890625 0.084375
1 0.5109375 0.41875 0.246875 0.2375
3 0.6265625 0.46875 0.340625 0.1625
3 0.6484375 0.5015625 0.315625 0.096875
6 0.2625 0.909375 0.25 0.18125
6 0.19375 0.8859375 0.3875 0.228125
6 0.1828125 0.8359375 0.365625 0.265625
6 0.7671875 0.9421875 0.465625 0.115625
6 0.7734375 0.871875 0.453125 0.24375
6 0.80625 0.684375 0.3875 0.2375