8 0.38125 0.38125 0.35625 0.5375
8 0.184375 0.35 0.36875 0.6
8 0.4375 0.2875 0.24375 0.575
11 0.8375 0.0796875 0.325 0.159375
8 0.4203125 0.7046875 0.190625 0.109375
8 0.2609375 0.7125 0.171875 0.125
8 0.15 0.83828125 0.15625 0.1890625
8 0.26875 0.85078125 0.225 0.2515625
8 0.4578125 0.86171875 0.184375 0.2171875
8 0.53125 0.7109375 0.05625 0.121875
6 0.6390625 0.828125 0.153125 0.34375
6 0.8015625 0.746875 0.109375 0.19375
6 0.91875 0.7375 0.1125 0.175
6 0.9234375 0.8921875 0.084375 0.215625
6 0.8390625 0.915625 0.090625 0.16875