8 0.053125 0.1359375 0.10625 0.271875
8 0.2296875 0.1359375 0.171875 0.271875
0 0.534375 0.23984375 0.30625 0.3359375
3 0.5890625 0.40625 0.459375 0.225
9 0.7828125 0.396875 0.146875 0.23125
9 0.7328125 0.4734375 0.196875 0.090625
4 0.9375 0.3890625 0.125 0.259375
4 0.978125 0.3703125 0.04375 0.290625
3 0.0875 0.7640625 0.175 0.215625
10 0.071875 0.58125 0.10625 0.08125
10 0.21015625 0.57890625 0.1265625 0.0640625
10 0.3109375 0.571875 0.096875 0.08125
10 0.2203125 0.5421875 0.109375 0.046875
10 0.12265625 0.62109375 0.1265625 0.0734375
10 0.21640625 0.63515625 0.0953125 0.0765625
10 0.021875 0.5953125 0.04375 0.096875
6 0.7875 0.83125 0.425 0.3375
6 0.6203125 0.7921875 0.521875 0.353125
6 0.58125 0.6796875 0.44375 0.265625
6 0.90625 0.759375 0.1875 0.48125