8 0.23125 0.33125 0.4625 0.5375
8 0.040625 0.3078125 0.08125 0.496875
2 0.875 0.075 0.25 0.15
10 0.540625 0.2453125 0.025 0.140625
10 0.5671875 0.1015625 0.078125 0.096875
10 0.596875 0.1359375 0.1 0.115625
10 0.69453125 0.1234375 0.0765625 0.090625
10 0.71796875 0.225 0.0921875 0.13125
10 0.659375 0.2796875 0.075 0.121875
10 0.6125 0.353125 0.09375 0.10625
10 0.571875 0.2828125 0.0875 0.121875
10 0.62890625 0.19921875 0.0765625 0.1109375
6 0.41875 0.884375 0.21875 0.23125
6 0.1328125 0.884375 0.240625 0.23125