1 0.1609375 0.4296875 0.321875 0.296875
1 0.4859375 0.4234375 0.303125 0.309375
1 0.2515625 0.21875 0.434375 0.39375
10 0.82421875 0.1671875 0.1609375 0.115625
10 0.9328125 0.1546875 0.134375 0.096875
10 0.7828125 0.27734375 0.140625 0.1234375
10 0.890625 0.2671875 0.16875 0.121875
10 0.9625 0.2484375 0.075 0.140625
10 0.6015625 0.6109375 0.071875 0.065625
10 0.596875 0.6734375 0.08125 0.103125
1 0.784375 0.6203125 0.29375 0.084375
2 0.81875 0.853125 0.3625 0.29375
4 0.81875 0.7234375 0.3625 0.265625