8 0.396875 0.384375 0.175 0.0875
3 0.3671875 0.2984375 0.303125 0.259375
2 0.1484375 0.0953125 0.296875 0.190625
1 0.3234375 0.084375 0.190625 0.16875
1 0.4015625 0.15625 0.234375 0.275
1 0.853125 0.1640625 0.29375 0.328125
1 0.75625 0.3125 0.475 0.23125
0 0.321875 0.5515625 0.30625 0.246875
3 0.3328125 0.753125 0.371875 0.38125
9 0.3609375 0.8984375 0.196875 0.203125
9 0.4703125 0.8390625 0.096875 0.284375
8 0.0765625 0.8453125 0.153125 0.309375
3 0.696875 0.77578125 0.23125 0.3140625
3 0.78125 0.7671875 0.2125 0.271875
2 0.8140625 0.515625 0.371875 0.175
4 0.775 0.6640625 0.45 0.471875