8 0.028125 0.4828125 0.05625 0.190625
8 0.0421875 0.3953125 0.084375 0.128125
10 0.4375 0.5734375 0.0625 0.096875
10 0.4953125 0.5640625 0.028125 0.090625
4 0.15078125 0.45703125 0.1890625 0.2765625
2 0.30390625 0.18515625 0.2078125 0.3265625
10 0.3015625 0.321875 0.059375 0.1125
4 0.21328125 0.52734375 0.1328125 0.1796875
10 0.40703125 0.3046875 0.0953125 0.115625
1 0.76953125 0.35234375 0.1640625 0.1609375
3 0.90390625 0.37890625 0.1203125 0.1953125
3 0.9390625 0.3671875 0.121875 0.121875
10 0.871875 0.59765625 0.09375 0.0703125
10 0.896875 0.5484375 0.1 0.059375
10 0.94453125 0.60390625 0.0890625 0.0765625
10 0.98125 0.5890625 0.0375 0.078125
10 0.9671875 0.55625 0.065625 0.06875
9 0.3828125 0.778125 0.196875 0.1
11 0.778125 0.9484375 0.44375 0.103125
1 0.7921875 0.775 0.415625 0.09375