8 0.38125 0.5734375 0.175 0.209375
9 0.51875 0.4984375 0.1 0.259375
7 0.5078125 0.6546875 0.096875 0.046875
3 0.3609375 0.45390625 0.321875 0.3078125
2 0.140625 0.159375 0.28125 0.31875
11 0.5359375 0.2015625 0.065625 0.246875
10 0.48984375 0.0828125 0.1421875 0.153125
1 0.30859375 0.16875 0.1921875 0.25625
1 0.39921875 0.284375 0.2609375 0.275
6 0.625 0.20625 0.1125 0.4125
6 0.765625 0.090625 0.1 0.18125
6 0.821875 0.30625 0.06875 0.45625
6 0.6515625 0.53125 0.146875 0.29375
6 0.3890625 0.834375 0.265625 0.3125
4 0.7390625 0.9515625 0.340625 0.096875