8 0.0125 0.2421875 0.025 0.128125
7 0.5140625 0.290625 0.128125 0.29375
10 0.378125 0.4046875 0.0625 0.065625
10 0.4640625 0.4015625 0.084375 0.071875
4 0.0921875 0.3 0.184375 0.275
2 0.2421875 0.096875 0.209375 0.19375
10 0.2421875 0.16875 0.059375 0.1125
4 0.1515625 0.3609375 0.134375 0.153125
10 0.34765625 0.1515625 0.0953125 0.115625
10 0.6125 0.0140625 0.06875 0.028125
10 0.59375 0.046875 0.03125 0.09375
6 0.3265625 0.8734375 0.434375 0.253125
6 0.2140625 0.84375 0.428125 0.3125
6 0.4609375 0.79375 0.234375 0.4125
6 0.7 0.840625 0.24375 0.31875