6 0.2765625 0.271875 0.446875 0.325
10 0.57421875 0.05625 0.0734375 0.1125
10 0.6421875 0.125 0.084375 0.09375
10 0.653125 0.021875 0.09375 0.04375
10 0.7296875 0.015625 0.065625 0.03125
10 0.7359375 0.05546875 0.084375 0.0984375
10 0.67578125 0.07734375 0.0578125 0.1109375
3 0.7171875 0.2515625 0.434375 0.271875
3 0.7765625 0.2984375 0.446875 0.284375
11 0.859375 0.4078125 0.28125 0.384375
4 0.36398437499999997 1 0.36488437500000004 0.99926875 0.30335625 0.6 0.10690312500000002 0.6 0.21026875 1 0.36398437499999997 1
3 0.41084375 0.7688843750000001 0.3777125 0.6 0.290365625 0.6 0.41084375 0.7688843750000001
1 0.69375 0.6953125 0.38125 0.190625
1 0.6453125 0.8296875 0.290625 0.340625
1 0.85625 0.80625 0.2875 0.3875