6 0.0390625 0.15 0.078125 0.3
6 0.2171875 0.15 0.159375 0.3
6 0.28125 0.15 0.075 0.3
3 0.7796875 0.071875 0.440625 0.14375
3 0.68125 0.1375 0.6375 0.275
10 0.4546875 0.0359375 0.134375 0.071875
10 0.5609375 0.025 0.134375 0.05
1 0.19453125 0.70859375 0.1640625 0.1609375
3 0.2921875 0.7328125 0.053125 0.196875
10 0.284375 0.9515625 0.06875 0.071875
10 0.2953125 0.9046875 0.046875 0.059375
6 0.4796875 0.5875 0.321875 0.55625
6 0.5296875 0.740625 0.221875 0.50625
6 0.8609375 0.69375 0.190625 0.475
6 0.66328125 0.73671875 0.1953125 0.5109375