6 0.2671875 0.1828125 0.253125 0.134375
8 0.8765625 0.1203125 0.246875 0.240625
8 0.0875 0.91875 0.13125 0.1625
8 0.12734375 0.84609375 0.1109375 0.1296875
7 0.6375 0.8734375 0.0625 0.253125
10 0.534375 0.9875 0.0625 0.025
10 0.6203125 0.984375 0.084375 0.03125
4 0.2453125 0.8828125 0.190625 0.234375
2 0.40078125 0.63515625 0.2078125 0.3265625
10 0.3984375 0.771875 0.059375 0.1125
4 0.3078125 0.94375 0.134375 0.1125
10 0.50390625 0.7546875 0.0953125 0.115625
10 0.7546875 0.6296875 0.171875 0.128125