6 0.3359375 0.209375 0.128125 0.41875
6 0.1078125 0.2421875 0.215625 0.353125
1 0.53125 0.209375 0.2625 0.41875
1 0.7265625 0.3625 0.471875 0.1125
7 0.371875 0.759375 0.05625 0.31875
10 0.271875 0.8765625 0.0625 0.096875
10 0.3578125 0.86796875 0.084375 0.0921875
4 0.0390625 0.7578125 0.078125 0.278125
2 0.1359375 0.534375 0.209375 0.23125
10 0.1359375 0.625 0.059375 0.1125
4 0.05625 0.8296875 0.1125 0.178125
10 0.24140625 0.6078125 0.0953125 0.115625
1 0.6546875 0.7625 0.484375 0.375
3 0.9640625 0.7578125 0.071875 0.471875