6 0.2109375 0.2828125 0.253125 0.371875
6 0.053125 0.328125 0.10625 0.28125
8 0.71875 0.2078125 0.0625 0.321875
8 0.87578125 0.203125 0.1703125 0.33125
1 0.4375 0.615625 0.3375 0.29375
2 0.128125 0.6296875 0.25625 0.321875
8 0.090625 0.7390625 0.18125 0.284375
8 0.2234375 0.72734375 0.321875 0.3234375
4 0.5125 0.7421875 0.35 0.378125
10 0.10859375 0.8453125 0.1234375 0.134375
10 0.1234375 0.91875 0.128125 0.1625
10 0.2734375 0.9234375 0.159375 0.153125
10 0.3515625 0.8875 0.121875 0.19375
3 0.878125 0.815625 0.16875 0.36875
3 0.946875 0.840625 0.10625 0.31875