6 0.3140625 0.528125 0.409375 0.13125
6 0.303125 0.4453125 0.43125 0.146875
6 0.309375 0.359375 0.41875 0.24375
6 0.3421875 0.171875 0.353125 0.2375
1 0.9 0.4765625 0.2 0.303125
11 0.759375 0.0875 0.48125 0.175
3 0.8234375 0.2421875 0.353125 0.309375
3 0.8390625 0.3078125 0.321875 0.303125
3 0.4578125 0.8484375 0.121875 0.190625
1 0.4734375 0.93125 0.090625 0.1375
10 0.13125 0.91328125 0.1 0.0765625
10 0.0765625 0.9671875 0.078125 0.065625
10 0.19375 0.9765625 0.10625 0.046875
6 0.6296875 0.7890625 0.221875 0.321875
6 0.875 0.909375 0.25 0.18125