6 0.3953125 0.2390625 0.509375 0.478125
6 0.3625 0.2546875 0.59375 0.171875
6 0.78203125 0.37265625 0.1078125 0.3453125
6 0.896875 0.3625 0.1125 0.325
6 0.9625 0.109375 0.075 0.21875
6 0.9015625 0.521875 0.084375 0.075
6 0.071875 0.7796875 0.14375 0.440625
6 0.2484375 0.771875 0.203125 0.425
6 0.4546875 0.759375 0.178125 0.4
10 0.75546875 0.63203125 0.0921875 0.1390625
10 0.8421875 0.6046875 0.078125 0.090625
10 0.85546875 0.73828125 0.0859375 0.1203125
10 0.7875 0.8203125 0.075 0.109375
10 0.74609375 0.92890625 0.0734375 0.1265625
10 0.6984375 0.6890625 0.059375 0.103125