6 0.1484375 0.4015625 0.296875 0.134375
6 0.2109375 0.3296875 0.234375 0.278125
6 0.55625 0.1734375 0.35625 0.346875
6 0.6265625 0.1234375 0.496875 0.171875
2 0.1703125 0.6265625 0.340625 0.315625
8 0.1328125 0.7328125 0.265625 0.284375
8 0.2625 0.7203125 0.23125 0.321875
10 0.0484375 0.8796875 0.096875 0.165625
10 0.19296875 0.8390625 0.1234375 0.134375
10 0.2078125 0.915625 0.128125 0.16875
10 0.328125 0.9203125 0.1 0.159375
8 0.446875 0.728125 0.1375 0.29375
8 0.596875 0.81328125 0.2375 0.3078125
8 0.66875 0.5765625 0.1875 0.215625
8 0.771875 0.75 0.24375 0.31875