6 0.221875 0.25625 0.35625 0.5
6 0.2 0.2328125 0.4 0.428125
1 0.846875 0.3203125 0.30625 0.578125
2 0.540625 0.3453125 0.28125 0.528125
8 0.503125 0.5328125 0.20625 0.153125
8 0.6484375 0.5171875 0.321875 0.184375
4 0.88125 0.5109375 0.2375 0.196875
4 0.2953125 0.8859375 0.209375 0.228125
10 0.2390625 0.65390625 0.096875 0.0765625
10 0.2140625 0.73671875 0.084375 0.0796875
10 0.2984375 0.72265625 0.115625 0.0953125
3 0.90625 0.8046875 0.1875 0.390625
5 0.9671875 0.9765625 0.065625 0.046875
4 0.5796875 0.95 0.096875 0.1