6 0.190625 0.3 0.38125 0.5
6 0.234375 0.3296875 0.46875 0.171875
2 0.8203125 0.3046875 0.359375 0.228125
2 0.5484375 0.35625 0.159375 0.3875
2 0.7515625 0.4140625 0.378125 0.271875
2 0.8828125 0.4640625 0.234375 0.171875
2 0.6359375 0.4796875 0.321875 0.140625
2 0.3140625 0.6609375 0.309375 0.221875
2 0.0734375 0.73125 0.146875 0.3625
2 0.27109375 0.7953125 0.3796875 0.328125
2 0.3765625 0.865625 0.184375 0.26875
2 0.1578125 0.88125 0.315625 0.2375
11 0.734375 0.890625 0.53125 0.21875
1 0.7 0.628125 0.4625 0.15625