6 0.2296875 0.2421875 0.378125 0.184375
6 0.5515625 0.234375 0.234375 0.46875
6 0.8078125 0.271875 0.159375 0.39375
6 0.9171875 0.25 0.165625 0.4375
11 0.209375 0.58125 0.41875 0.225
10 0.6140625 0.503125 0.090625 0.06875
10 0.6296875 0.89609375 0.084375 0.1234375
10 0.71484375 0.57578125 0.0859375 0.1203125
10 0.646875 0.6578125 0.075 0.109375
10 0.60546875 0.76640625 0.0734375 0.1265625
10 0.5578125 0.5265625 0.059375 0.103125
10 0.4796875 0.59453125 0.090625 0.1015625
7 0.5328125 0.984375 0.078125 0.03125