6 0.3109375 0.340625 0.253125 0.45625
6 0.2734375 0.3921875 0.328125 0.171875
8 0.59296875 0.2671875 0.1921875 0.221875
9 0.76875 0.4578125 0.18125 0.221875
9 0.7203125 0.5109375 0.190625 0.115625
9 0.8859375 0.49375 0.146875 0.15
0 0.9296875 0.3984375 0.140625 0.340625
4 0.49375 0.5046875 0.1125 0.128125
4 0.50625 0.4515625 0.1375 0.121875
3 0.803125 0.29453125 0.18125 0.1890625
3 0.73046875 0.37734375 0.2609375 0.2234375
10 0.3609375 0.8515625 0.153125 0.115625
10 0.421875 0.8390625 0.03125 0.096875
10 0.3234375 0.95 0.140625 0.1
10 0.3921875 0.9453125 0.090625 0.109375
11 0.6484375 0.8625 0.421875 0.275
1 0.86875 0.928125 0.2625 0.14375