11 0.8859375 0.059375 0.228125 0.11875
11 0.372125 0.57704375 0.459809375 0.43335937500000005 0.628125 0.38882500000000003 0.628125 0.310203125 0.380209375 0.345246875 0.23945 0.473021875 0.24868437499999999 0.5575218750000001 0.372125 0.57704375
10 0.628125 0.78114375 0.03158125 0.692409375 0.0166875 0.8735781250000001 0.628125 0.9325374999999999 0.628125 0.78114375
3 0.628125 0.5033531250000001 0.628125 0.41154062500000005 0.59705625 0.40719374999999997 0.45969375 0.6473625000000001 0.510459375 0.679284375 0.628125 0.5033531250000001
3 0.628125 0.50423125 0.49748749999999997 0.6853687500000001 0.5777062500000001 0.722396875 0.628125 0.635728125 0.628125 0.50423125
8 0.6875 0.875 0.11875 0.25
9 0.825 0.7796875 0.15625 0.259375
9 0.925 0.890625 0.15 0.21875
9 0.9375 0.709375 0.125 0.2125
7 0.7859375 0.95625 0.096875 0.0875
3 0.7140625 0.7328125 0.171875 0.309375
11 0.890625 0.4828125 0.21875 0.246875
10 0.76796875 0.3640625 0.1421875 0.153125
10 0.87890625 0.33203125 0.0890625 0.0765625
1 0.6546875 0.45 0.053125 0.25625
1 0.7171875 0.565625 0.178125 0.275