6 0.259375 0.1015625 0.51875 0.203125
10 0.6453125 0.4078125 0.253125 0.121875
11 0.89375 0.4140625 0.2125 0.109375
3 0.86484375 0.26953125 0.2671875 0.1640625
3 0.80625 0.25390625 0.23125 0.1203125
3 0.80234375 0.328125 0.2984375 0.10625
9 0.32109375 0.57421875 0.1546875 0.1796875
9 0.4046875 0.484375 0.115625 0.03125
9 0.4578125 0.61484375 0.115625 0.2109375
3 0.1921875 0.51875 0.128125 0.1
1 0.1359375 0.9140625 0.271875 0.171875
10 0.591878125 0.5152812499999999 0.51875 0.509965625 0.51875 0.768246875 0.6617031250000001 0.7838875 0.746521875 0.671259375 0.722503125 0.55780625 0.591878125 0.5152812499999999