6 0.1015625 0.2546875 0.203125 0.509375
6 0.3421875 0.2609375 0.159375 0.496875
6 0.4640625 0.2546875 0.190625 0.509375
1 0.0890625 0.81953125 0.165625 0.2328125
1 0.08125 0.95 0.1625 0.1
1 0.4671875 0.915625 0.209375 0.16875
1 0.2640625 0.921875 0.209375 0.15625
1 0.27578125 0.7890625 0.2015625 0.228125
1 0.4390625 0.6734375 0.153125 0.328125
1 0.29921875 0.625 0.2046875 0.175
1 0.1234375 0.7 0.171875 0.15625
1 0.1359375 0.58125 0.134375 0.14375
1 0.015625 0.646875 0.03125 0.2
1 0.553125 0.7890625 0.05 0.153125
1 0.553125 0.6359375 0.05 0.184375
8 0.83125 0.85625 0.3375 0.2875