6 0.19375 0.20625 0.3875 0.4125
6 0.1859375 0.1765625 0.371875 0.353125
6 0.5390625 0.24375 0.303125 0.4875
1 0.2203125 0.7453125 0.328125 0.259375
1 0.784375 0.6203125 0.3375 0.265625
2 0.4953125 0.634375 0.215625 0.29375
8 0.4578125 0.7296875 0.140625 0.284375
8 0.5703125 0.71796875 0.321875 0.3234375
4 0.8421875 0.7328125 0.315625 0.378125
10 0.45546875 0.8359375 0.1234375 0.134375
10 0.4703125 0.9140625 0.128125 0.171875
10 0.6203125 0.91875 0.159375 0.1625
10 0.6984375 0.878125 0.121875 0.19375