6 0.0921875 0.19375 0.121875 0.3875
6 0.234375 0.19375 0.175 0.3875
6 0.3390625 0.19375 0.190625 0.3875
6 0.784375 0.0734375 0.43125 0.146875
6 0.284375 0.5828125 0.56875 0.390625
6 0.1890625 0.553125 0.378125 0.33125
10 0.68671875 0.575 0.0734375 0.1125
10 0.7546875 0.64375 0.084375 0.09375
10 0.73984375 0.478125 0.0734375 0.0625
10 0.765625 0.51484375 0.09375 0.0984375
10 0.84453125 0.5140625 0.0640625 0.071875
10 0.8484375 0.57421875 0.084375 0.0984375
10 0.78828125 0.59609375 0.0578125 0.1109375
3 0.790625 0.7703125 0.41875 0.271875
3 0.8328125 0.8171875 0.334375 0.284375