6 0.19375 0.2515625 0.3875 0.153125
1 0.8765625 0.2109375 0.246875 0.234375
3 0.1109375 0.7046875 0.221875 0.215625
3 0.159375 0.6390625 0.31875 0.215625
10 0.0890625 0.42265625 0.115625 0.0640625
10 0.0484375 0.4703125 0.096875 0.084375
10 0.215625 0.45625 0.10625 0.08125
10 0.3375 0.4515625 0.1 0.065625
10 0.3484375 0.4140625 0.078125 0.053125
10 0.26640625 0.49609375 0.1265625 0.0734375
10 0.3484375 0.5078125 0.078125 0.078125
10 0.1375 0.47265625 0.1 0.0953125
8 0.8484375 0.6671875 0.303125 0.665625
8 0.63125 0.6359375 0.4625 0.615625
8 0.9046875 0.5625 0.190625 0.46875