6 0.215625 0.2359375 0.36875 0.346875
6 0.2 0.215625 0.4 0.3875
10 0.66640625 0.1984375 0.3515625 0.278125
3 1 0.26305 0.7097375 0.409375 0.9370406250000001 0.409375 1 0.38118124999999997 1 0.26305
3 1 0.19464062499999998 0.70911875 0.398296875 1 0.26369375 1 0.19464062499999998
8 0.1296875 0.7828125 0.259375 0.434375
8 0.2140625 0.7109375 0.371875 0.578125
6 0.4484375 0.8171875 0.096875 0.365625
6 0.5640625 0.8234375 0.134375 0.353125
6 0.765625 0.565625 0.05 0.25625
6 0.5546875 0.5 0.078125 0.18125
6 0.6578125 0.4390625 0.078125 0.059375
6 0.9625 0.7515625 0.075 0.334375