6 0.2984375 0.2 0.246875 0.4
6 0.059375 0.2 0.11875 0.4
6 0.659375 0.303125 0.24375 0.19375
6 0.365625 0.70234375 0.1875 0.2109375
6 0.20234375 0.7359375 0.1734375 0.240625
6 0.5109375 0.8734375 0.053125 0.171875
6 0.1703125 0.9234375 0.184375 0.153125
6 0.4046875 0.4640625 0.140625 0.128125
6 0.2640625 0.4828125 0.128125 0.165625
6 0.1 0.4984375 0.1 0.196875
6 0.0234375 0.521875 0.046875 0.2
6 0.5171875 0.6390625 0.040625 0.209375
8 0.64375 0.7671875 0.2125 0.428125
8 0.8375 0.865625 0.325 0.26875
8 0.8125 0.5765625 0.2875 0.353125