6 0.075 0.4453125 0.15 0.496875
6 0.18671875 0.46796875 0.1046875 0.4421875
6 0.28046875 0.44453125 0.1046875 0.4203125
6 0.36640625 0.4921875 0.1203125 0.371875
3 0.8703125 0.296875 0.259375 0.59375
5 0.8296875 0.646875 0.084375 0.14375
5 0.90234375 0.57890625 0.0796875 0.1640625
5 0.975 0.640625 0.05 0.11875
5 0.9328125 0.6984375 0.128125 0.040625
9 0.9640625 0.465625 0.071875 0.24375
6 0.3734375 0.859375 0.115625 0.28125
6 0.5078125 0.859375 0.084375 0.28125
6 0.2796875 0.875 0.084375 0.25
6 0.1640625 0.859375 0.171875 0.28125
11 0.9625 0.8421875 0.075 0.246875
10 0.7 0.9234375 0.3 0.153125
3 0.7546875 0.73125 0.409375 0.025
3 0.7203125 0.7640625 0.340625 0.059375
3 0.7375 0.8078125 0.375 0.046875