6 0.178125 0.259375 0.35625 0.4375
6 0.2453125 0.3484375 0.221875 0.259375
6 0.3765625 0.3453125 0.196875 0.265625
11 0.77420625 0.478125 0.9336718749999999 0.478125 0.8548406249999999 0.384003125 0.72494375 0.290009375 0.6071093750000001 0.28462187499999997 0.77420625 0.478125
10 1 0.27676875 0.79229375 0.128371875 0.667771875 0.21956875 1 0.47333749999999997 1 0.27676875
6 0.0421875 0.784375 0.084375 0.43125
6 0.296875 0.7390625 0.35625 0.521875
6 0.3640625 0.8171875 0.221875 0.365625
6 0.4375 0.8140625 0.08125 0.371875
8 0.6125 0.74765625 0.1625 0.3203125
8 0.81953125 0.740625 0.1703125 0.33125
8 0.9734375 0.7171875 0.053125 0.384375