6 0.4625 0.63046875 0.1875 0.2109375
6 0.93359375 0.6546875 0.1109375 0.265625
6 0.29921875 0.6640625 0.1734375 0.240625
6 0.65703125 0.8015625 0.1453125 0.171875
6 0.2671875 0.86953125 0.184375 0.1828125
6 0.6703125 0.93125 0.246875 0.125
6 0.12890625 0.11328125 0.1390625 0.1828125
6 0.221875 0.25703125 0.09375 0.1828125
6 0.12265625 0.275 0.1078125 0.20625
6 0.50234375 0.38046875 0.1421875 0.1546875
6 0.3609375 0.4078125 0.128125 0.171875
6 0.196875 0.425 0.1 0.2
6 0.07734375 0.45 0.1359375 0.2
6 0.6859375 0.56796875 0.184375 0.2109375