6 0.21875 0.1875 0.4375 0.375
6 0.21875 0.1515625 0.4375 0.171875
8 0.83125 0.1875 0.3375 0.375
8 0.5671875 0.125 0.259375 0.25
10 0.034375 0.61875 0.06875 0.2
10 0.1375 0.6875 0.15 0.23125
10 0.05625 0.7515625 0.1125 0.234375
7 0.1453125 0.9546875 0.140625 0.090625
9 0.9296875 0.7625 0.140625 0.20625
9 0.934375 0.928125 0.13125 0.14375
9 0.9265625 0.6296875 0.146875 0.215625
3 0.7828125 0.721875 0.390625 0.46875
5 0.6765625 0.96875 0.084375 0.0625
5 0.7484375 0.928125 0.078125 0.14375
5 0.8296875 0.971875 0.065625 0.05625
9 0.8515625 0.828125 0.153125 0.24375