1 0.2890625 0.2203125 0.478125 0.440625
1 0.4671875 0.3921875 0.240625 0.490625
9 0.8203125 0.253125 0.203125 0.20625
9 0.8140625 0.4578125 0.171875 0.221875
9 0.8015625 0.1203125 0.178125 0.215625
3 0.7125 0.2234375 0.25 0.446875
5 0.6171875 0.4296875 0.059375 0.165625
5 0.6890625 0.49375 0.065625 0.11875
5 0.6453125 0.584375 0.115625 0.10625
9 0.7109375 0.31875 0.153125 0.24375
6 0.1296875 0.81875 0.115625 0.3625
6 0.271875 0.71875 0.1 0.1625
6 0.328125 0.8484375 0.06875 0.303125
6 0.0390625 0.81875 0.078125 0.3625
6 0.715625 0.81875 0.25625 0.3625