1 0.15625 0.1734375 0.3125 0.346875
4 0.559375 0.215625 0.1375 0.34375
10 0.950609375 0.3875 0.7705 0.032271875 0.616234375 0.07198125 0.739765625 0.3875 0.950609375 0.3875
1 0.9359375 0.1953125 0.128125 0.303125
6 0.26875 0.8140625 0.09375 0.371875
6 0.1984375 0.8125 0.121875 0.375
6 0.0609375 0.778125 0.121875 0.44375
8 0.8375 0.878125 0.175 0.24375
9 0.9625 0.7859375 0.075 0.259375
7 0.9578125 0.959375 0.084375 0.08125
3 0.8171875 0.74140625 0.321875 0.3078125
2 0.528125 0.496875 0.41875 0.21875
10 0.9375 0.4171875 0.125 0.059375
1 0.7640625 0.4859375 0.190625 0.196875
1 0.85546875 0.571875 0.2609375 0.275