10 0.32109375 0.240625 0.1671875 0.15
10 0.4578125 0.228125 0.121875 0.11875
10 0.4296875 0.3609375 0.178125 0.159375
10 0.2640625 0.38046875 0.165625 0.1359375
3 0.5734375 0.48125 0.109375 0.29375
8 0.6390625 0.47265625 0.134375 0.2015625
7 0.8265625 0.33046875 0.078125 0.1234375
8 0.6609375 0.584375 0.134375 0.0875
2 0.6671875 0.20625 0.296875 0.4125
9 0.5578125 0.1046875 0.078125 0.203125
11 0.2609375 0.8140625 0.515625 0.371875
11 0.590625 0.7125 0.14375 0.16875
11 0.7078125 0.7171875 0.146875 0.178125
11 0.875 0.728125 0.1375 0.2