10 0.446875 0.3453125 0.15 0.259375
10 0.38671875 0.85234375 0.2359375 0.2921875
10 0.45234375 0.603125 0.1546875 0.25
10 0.6109375 0.11171875 0.159375 0.2234375
10 0.58125 0.49765625 0.1375 0.1828125
10 0.5828125 0.29765625 0.115625 0.1640625
4 0.1125 0.5671875 0.225 0.421875
4 0.278125 0.403125 0.325 0.24375
4 0.3375 0.178125 0.125 0.35625
1 0.590625 0.74296875 0.23125 0.3046875
1 0.73359375 0.8859375 0.1859375 0.228125
11 0.9234375 0.40625 0.153125 0.3625
11 0.88984375 0.49921875 0.2171875 0.5046875
6 0.79375 0.53515625 0.18125 0.6265625
6 0.68359375 0.4984375 0.1109375 0.628125