5 0.28125 0.2421875 0.45625 0.309375
11 0.6328125 0.175 0.228125 0.35
11 0.7921875 0.1796875 0.146875 0.359375
11 0.9453125 0.190625 0.109375 0.38125
3 0.040625 0.7390625 0.08125 0.446875
3 0.0734375 0.7265625 0.146875 0.440625
8 0.1578125 0.64453125 0.134375 0.2015625
7 0.3453125 0.5203125 0.078125 0.084375
8 0.18046875 0.80859375 0.1359375 0.1921875
2 0.1671875 0.53125 0.334375 0.10625
2 0.575 0.6546875 0.13125 0.353125
1 0.7390625 0.7046875 0.209375 0.384375
1 0.9 0.571875 0.2 0.1875
8 0.83515625 0.80390625 0.1578125 0.2390625
8 0.940625 0.7578125 0.11875 0.265625