5 0.2421875 0.4140625 0.484375 0.128125
9 0.8390625 0.4046875 0.259375 0.146875
9 0.70390625 0.2859375 0.1515625 0.246875
9 0.834375 0.15 0.21875 0.3
9 0.953125 0.2578125 0.09375 0.303125
3 0.1125 0.7984375 0.19375 0.403125
3 0.1890625 0.79375 0.171875 0.4125
8 0.2859375 0.72578125 0.134375 0.2015625
7 0.4734375 0.58359375 0.078125 0.1234375
8 0.30859375 0.88984375 0.1359375 0.1921875
2 0.2921875 0.571875 0.340625 0.1875
9 0.0859375 0.5375 0.171875 0.11875
0 0.66875 0.7234375 0.18125 0.365625
0 0.8640625 0.8265625 0.203125 0.346875
0 0.865625 0.59921875 0.19375 0.2296875
0 0.9703125 0.5421875 0.059375 0.128125
0 0.6765625 0.9578125 0.196875 0.084375