11 0.2359375 0.128125 0.303125 0.25625
11 0.3484375 0.1390625 0.078125 0.278125
3 0.69375 0.1390625 0.6125 0.278125
2 0.2921875 0.5359375 0.190625 0.278125
6 0.25625 0.946875 0.075 0.10625
3 0.925 0.653125 0.15 0.36875
8 0.571875 0.64296875 0.2125 0.1609375
2 0.7828125 0.61328125 0.321875 0.2640625
0 0.64296875 0.8125 0.2296875 0.21875
10 0.75859375 0.79140625 0.1984375 0.1578125
9 0.803125 0.90625 0.2125 0.1375
9 0.89375 0.790625 0.1625 0.15
8 0.890625 0.9796875 0.2125 0.040625
7 0.525 0.984375 0.125 0.03125