11 0.16875 0.1640625 0.3375 0.328125
2 0.4171875 0.0265625 0.121875 0.053125
8 0.7234375 0.0390625 0.071875 0.078125
8 0.809375 0.090625 0.09375 0.1625
8 0.734375 0.115625 0.0625 0.075
8 0.75234375 0.2109375 0.0796875 0.134375
8 0.8078125 0.221875 0.046875 0.1
3 0.35 0.3015625 0.025 0.053125
3 0.3828125 0.31875 0.040625 0.01875
7 0.96875 0.396875 0.0625 0.1375
7 0.8296875 0.4265625 0.184375 0.196875
7 0.93125 0.5078125 0.1375 0.190625
7 0.74921875 0.596875 0.1796875 0.18125
7 0.5921875 0.60234375 0.171875 0.1796875
7 0.8859375 0.64453125 0.184375 0.1640625
7 0.4875 0.72421875 0.15625 0.1671875
7 0.6703125 0.75546875 0.190625 0.1796875
7 0.8921875 0.9296875 0.190625 0.140625