11 0.615625 0.303125 0.43125 0.275
9 0.2609375 0.9359375 0.203125 0.128125
9 0.034375 0.940625 0.06875 0.11875
9 0.021875 0.8046875 0.04375 0.178125
9 0.090625 0.690625 0.18125 0.2
9 0.28046875 0.61484375 0.2046875 0.2046875
9 0.36875 0.5453125 0.0625 0.171875
9 0.1546875 0.525 0.209375 0.13125
9 0.0203125 0.6265625 0.040625 0.184375
9 0.378125 0.7359375 0.04375 0.184375
9 0.30234375 0.80234375 0.1921875 0.1421875
9 0.12421875 0.89140625 0.1921875 0.2015625
11 0.4859375 0.7296875 0.171875 0.540625