11 0.2515625 0.1046875 0.471875 0.209375
11 0.403125 0.2234375 0.16875 0.259375
11 0.2765625 0.25 0.421875 0.2
8 0.553125 0.45625 0.13125 0.20625
6 0.6640625 0.50625 0.134375 0.10625
6 0.61640625 0.43828125 0.0453125 0.0453125
6 0.62265625 0.39453125 0.0515625 0.0578125
2 0.7890625 0.4234375 0.296875 0.271875
9 0.1296875 0.9390625 0.209375 0.121875
9 0.2703125 0.853125 0.203125 0.2
9 0.428125 0.7765625 0.11875 0.203125
9 0.3453125 0.6671875 0.209375 0.171875
9 0.1421875 0.7890625 0.178125 0.184375
9 0.0359375 0.896875 0.071875 0.20625
9 0.4421875 0.946875 0.090625 0.10625
9 0.3140625 0.975 0.190625 0.05
11 0.74375 0.7796875 0.5125 0.440625